id	degree	closeness	betweenness	hub_score	zi_scores	pi_scores	No..module
OTU4812	15	7.92832791564259e-05	1010.05854911391	0.00428499436436797	2.52887531768109	0	1
OTU4187	27	8.01603206412826e-05	3835.83488178738	0.0214700465550888	5.23237885423018	0.0713305898491085	1
OTU4613	6	7.98084596967279e-05	799.368117570748	0.0119497310100578	0.316917878686377	0	1
OTU3135	5	7.95038956908888e-05	49.9854836502296	0.0111232121484948	0.0711448299091866	0	1
OTU4803	20	8.02310654685494e-05	364.955152801703	0.680482585865751	1.01244143897296	0.185	2
OTU3062	7	7.96178343949045e-05	501.314126009284	0.0113264587305125	0.562690927463567	1.11022302462516e-16	1
OTU3282	4	7.89390590464162e-05	31.7063551025598	0.00233065908035791	-0.174628218868003	0	1
OTU2866	7	7.98403193612774e-05	2673.56476893241	0.0184601796556053	0.316917878686377	0.244897959183674	1
OTU8195	15	7.99041150619257e-05	146.366927147378	0.541012401561155	0.622081095425289	0	2
OTU8657	22	8.01410482449111e-05	484.699831363855	0.650339747744304	1.27268166800475	0.169421487603306	2
OTU4759	15	7.95165394402036e-05	3818.55994903193	0.0103280779828765	2.03732922012671	0.24	1
OTU4132	40	8.05671930389945e-05	2487.46561408824	1	3.4847236147749	0.14125	2
OTU7092	19	8.00768737988469e-05	313.892888594303	0.645361726432544	1.01244143897296	0.0997229916897507	2
OTU2788	4	7.89390590464162e-05	31.7063551025598	0.00233065908035791	-0.174628218868003	0	1
OTU6680	20	8.01346261719689e-05	574.396966231119	0.640388435148824	1.01244143897296	0.185	2
OTU3806	32	8.00448251020571e-05	1293.4513271544	0.676254078709809	2.57388281316366	0.119140625	2
OTU3316	5	7.88332676389436e-05	154.311349887995	0.00217325091735953	0.0711448299091866	0	1
OTU2179	2	7.39207569485512e-05	1.5	7.35935399274872e-07	0	0	8
OTU2506	8	7.94975753239526e-05	11.4232088829436	0.355927287129843	-0.288759706185951	0	2
OTU3294	2	7.73395204949729e-05	71.5877894551271	9.96394819746815e-05	-0.103013277449251	0	6
OTU1119	15	8.05542129853391e-05	1317.22918900053	0.389364175801204	1.9040720039112	0.524444444444444	5
OTU7083	29	8.02375030089064e-05	710.675981851701	0.861066615825261	2.18352246961599	0.130796670630202	2
OTU1945	4	7.82595085302864e-05	989	0.00156063873996712	1.56524758424985	0.375	10
OTU2086	18	7.99168864381044e-05	850.967298303266	0.425378523657121	0.622081095425289	0.296296296296296	2
OTU5653	21	8.00704620065658e-05	249.468057196249	0.659805387977484	1.27268166800475	0.090702947845805	2
OTU6594	21	8.02053256336221e-05	300.276016999557	0.703908729870963	1.27268166800475	0.090702947845805	2
OTU5576	19	8.01346261719689e-05	196.738014456393	0.673527068111627	0.882321324457072	0.193905817174515	2
OTU1874	5	7.93210121361148e-05	4.43618232602863	0.201318979906223	-0.679120049733625	0	2
OTU3536	8	7.80335544284042e-05	1304.25718401506	0.0010592390053462	1.98076858427543	0.21875	3
OTU8678	9	7.97321001435178e-05	99.0523175981047	0.308573803150454	-0.15863959167006	0	2
OTU1605	18	7.99488327470419e-05	389.798243996318	0.457519352363825	0.882321324457072	0.104938271604938	2
OTU2340	8	7.9428117553614e-05	789.125535407329	0.0201457254818828	-0.174628218868003	0.59375	1
OTU3092	9	8.02053256336221e-05	1029.29794717736	0.044903911098449	0.808463976240757	0.197530864197531	1
OTU4884	11	8.05152979066023e-05	2006.01003783361	0.0939615557719888	1.05423702501795	0.314049586776859	1
OTU110	6	7.66988801963491e-05	1714.28571428571	9.12328985996461e-05	2.26778683805536	0.277777777777778	8
OTU2824	6	8.00512327889849e-05	1144.63391637869	0.0548239057493368	-0.174628218868003	0.444444444444444	1
OTU6749	7	7.84867749784161e-05	518.851448550232	0.00170478015576921	0.562690927463567	1.11022302462516e-16	1
OTU2283	22	8.01924619085806e-05	539.491261430501	0.585656913038544	1.01244143897296	0.309917355371901	2
OTU4501	7	7.87153652392947e-05	561.851748814737	0.00164299545366922	0.562690927463567	1.11022302462516e-16	1
OTU3984	17	8.04828973843058e-05	2447.37498404798	0.327656394186916	2.92448825932801	0.629757785467128	4
OTU5465	31	8.02375030089064e-05	1454.31462528214	0.821010209051483	2.18352246961599	0.23309053069719	2
OTU4788	3	7.74833410816674e-05	99.8244210897466	0.00011007169515903	0.36054647107238	0	6
OTU2765	2	7.86163522012579e-05	1.05033308307649	0.0018710340955861	-0.666174316422383	0	1
OTU2847	4	7.73874013310633e-05	1059.58778945513	0.000100444843898241	0.824106219594011	0	6
OTU1936	13	8.01860315932964e-05	905.963420648352	0.250746267717773	0.584897651865602	0.686390532544379	4
OTU4544	5	7.96622321357444e-05	1791.6572872319	0.00499919787481786	-0.174628218868003	0.32	1
OTU6520	5	7.90388871324692e-05	56.5126159997801	0.00280793694067061	0.0711448299091866	0	1
OTU1280	5	7.93839803127729e-05	269.056820456001	0.0715047668471314	-0.385636361540349	0.64	3
OTU373	21	8.05088157153208e-05	1247.17077370886	0.565401589687861	0.231720751877615	0.607709750566893	2
OTU409	1	7.78149560345498e-05	0	0.00382352282638012	-0.584897651865602	0	4
OTU2756	8	7.95481664147641e-05	94.7330540849211	0.29122150418726	-0.418879820701842	0.21875	2
OTU4553	6	7.94659885568976e-05	1129.06790023282	0.00326033015723804	0.0711448299091866	0.277777777777778	1
OTU5128	9	7.97638988593762e-05	336.62475626013	0.117788185435858	0.0876446276228065	0.666666666666667	3
OTU2589	4	7.9827572443522e-05	8.74427711530793	0.0994332872517887	0	0.625	4
OTU1080	2	7.65520936997627e-05	0	7.14480441540008e-05	-0.385636361540349	0	3
OTU8751	1	7.78149560345498e-05	0	0.00382352282638012	-0.584897651865602	0	4
OTU8804	15	8.01924619085806e-05	409.984312619191	0.526772797173367	0.491960980909398	0.124444444444444	2
OTU4238	5	7.95608242501392e-05	126.937567222841	0.0140212467969625	0.0711448299091866	0	1
OTU3992	8	7.95481664147641e-05	63.4606182747497	0.296099440760519	-0.288759706185951	0	2
OTU3142	5	7.89515237644086e-05	1006.85654687154	0.0129144336803203	0.560925616785962	0.32	3
OTU5475	15	7.93524837327408e-05	450.962635198233	0.00813963760215135	2.2831022689039	0.124444444444444	1
OTU3067	5	7.93965859468043e-05	10.236241957957	0.205912919165657	-0.679120049733625	0	2
OTU8085	19	8.08996035919424e-05	2993.59062064497	0.345992055500485	0.808463976240757	0.664819944598338	1
OTU5528	10	7.99296618975302e-05	105.588405443718	0.395771700684937	-0.15863959167006	0.18	2
OTU5570	16	8.0032012805122e-05	299.556644654899	0.529963259012005	0.361840866393506	0.328125	2
OTU6609	15	7.8976465013426e-05	747.47780901594	0.00298871094222014	2.52887531768109	0	1
OTU1508	9	7.98020908147793e-05	2575.52108902442	0.11972311107647	1.9040720039112	0.567901234567901	5
OTU4838	13	7.95861520095503e-05	279.644360864639	0.487441495149507	0.361840866393506	0	2
OTU5455	23	8.07037365830038e-05	2792.24861481246	0.415462883709482	3.40061155176489	0.627599243856333	3
OTU3488	14	8.04117079446767e-05	964.607631710387	0.314250818722969	0.575649675601062	0.653061224489796	5
OTU2853	3	7.82840144042586e-05	315.659177572536	0.0341878741060862	0	0.444444444444444	9
OTU4192	3	7.86782061369001e-05	10.3244815303534	0.00205989055366411	-0.420401267645193	0	1
OTU2770	14	8.0327737167644e-05	587.360789395717	0.437529061243107	-0.0285194771541681	0.459183673469388	2
OTU4774	5	7.91702953052015e-05	291.574110002786	0.00579782377043946	0.0711448299091866	0	1
OTU442	20	8.02310654685494e-05	785.500789986361	0.618437088964501	0.882321324457072	0.265	2
OTU4702	7	7.98722044728435e-05	623.263975844001	0.0118080892797905	0.562690927463567	1.11022302462516e-16	1
OTU1704	3	7.92141951837769e-05	9.80601081391583	0.0299845401926267	0.0876446276228065	0	3
OTU6898	10	7.96431984708506e-05	88.6047683346296	0.328242705836631	-0.288759706185951	0.34	2
OTU6841	21	8.04828973843058e-05	1227.89554701379	0.569925865142202	0.491960980909398	0.512471655328798	2
OTU4184	1	7.79727095516569e-05	0	0.000652630603731356	-0.911947365199574	0	1
OTU4472	1	1.19316080228132e-05	0	3.39454949409133e-18	-0.577350269189626	0	14
OTU2888	1	7.73275595422208e-05	0	9.84010388395669e-05	-0.566573025970883	0	6
OTU4191	2	7.39207569485512e-05	249	3.70184904495422e-07	0	0	8
OTU6688	6	8.00832866180828e-05	223.482306094492	0.0449665098724369	0.0711448299091866	0.277777777777778	1
OTU4865	12	7.88456989671213e-05	3661.22382319778	0.00155722639563717	3.6054647107238	0.277777777777778	6
OTU7440	15	7.96812749003984e-05	68.5847111467207	0.478145550807554	0.622081095425289	0	2
OTU6602	9	7.95481664147641e-05	26.4116423348012	0.320652799985182	-0.288759706185951	0.197530864197531	2
OTU7449	9	7.98849656494648e-05	81.318060886457	0.346734521082248	-0.288759706185951	0.197530864197531	2
OTU3131	1	1.18906064209275e-05	0	6.78909898818266e-18	NA	0	20
OTU3968	4	7.96431984708506e-05	527.036889975072	0.0921401886377667	0.0876446276228065	0.375	3
OTU6578	22	8.06516654568917e-05	1404.20386426285	0.649167323600453	0.491960980909398	0.557851239669422	2
OTU4387	12	7.99296618975302e-05	128.393095996001	0.444916992068169	0.101600637361723	0.152777777777778	2
OTU6455	1	1.18906064209275e-05	0	6.78909898818266e-18	NA	0	19
OTU1319	2	7.67754318618042e-05	249	9.90120165002632e-05	0.447213595499958	0	10
OTU6780	9	8.02568218298555e-05	363.09366473267	0.184497643814383	-0.420401267645193	0.666666666666667	1
OTU2763	2	7.88270534447422e-05	0.655549716245974	0.0716430724131757	-1.0694803932813	0	2
OTU1234	1	7.82472613458529e-05	0	0.00756529592359549	-0.752772652709081	0	5
OTU3987	9	7.95671546785487e-05	14.0605156533788	0.395006288218906	-0.15863959167006	0	2
OTU4505	4	7.77423618129519e-05	350.020400680832	0.000165092949497301	0.36054647107238	0.375	6
OTU3080	1	7.74533343660445e-05	0	0.000188856458078006	-0.911947365199574	0	1
OTU3303	2	7.73395204949729e-05	249	9.87955262360773e-05	-0.103013277449251	0	6
OTU2828	1	1.20141767285397e-05	0	3.39454949409133e-18	-0.670820393249937	0	11
OTU4214	3	7.89390590464162e-05	9.9683459127969	0.07828975814493	-1.0694803932813	0.444444444444444	2
OTU6404	1	1.18906064209275e-05	0	6.78909898818266e-18	NA	0	18
OTU4199	3	7.91264440576041e-05	3.03333333333333	0.00452028629411824	-0.420401267645193	0	1
OTU6870	2	7.89016884961338e-05	0	0.0621973595537833	-1.0694803932813	0	2
OTU4233	10	8.01924619085806e-05	1719.17543298164	0.0546297203705321	0.808463976240757	0.34	1
OTU4461	1	7.45267551050827e-05	0	4.02680961796769e-07	-0.566573025970883	0	6
OTU1036	1	1.18906064209275e-05	0	6.78909898818266e-18	NA	0	17
OTU2640	5	7.83208020050125e-05	671.149154835797	0.0498776287072983	1.11803398874989	0.48	9
OTU4447	2	7.80701069560465e-05	862.013020403121	0.000658395604905041	-0.755928946018454	0.5	8
OTU4740	2	7.77181938291754e-05	44.1067849192287	0.000157478315043078	-0.566573025970883	0.5	6
OTU2727	2	7.92204705695952e-05	65.2865660893806	0.0270691359744223	-0.385636361540349	0	3
OTU4408	1	7.73275595422208e-05	0	9.84010388395669e-05	-0.566573025970883	0	6
OTU455	16	8.03535556448373e-05	1355.67926969616	0.487544403875084	0.101600637361723	0.4921875	2
OTU7831	6	8.0147471347279e-05	1240.38377525182	0.0533652640660093	-0.174628218868003	0.5	1
OTU4427	4	7.83883358156306e-05	242.340741751309	0.0011228806279594	-0.174628218868003	0	1
OTU4670	7	7.91452314998021e-05	361.220916233598	0.00303487185729765	0.562690927463567	1.11022302462516e-16	1
OTU4282	1	7.85669390320553e-05	0	0.0404661052856757	-1.19960050779719	0	2
OTU3527	1	1.18906064209275e-05	0	6.78909898818266e-18	NA	0	16
OTU3442	7	7.99936005119591e-05	1570.86871582021	0.0625693027147675	1.23986083975613	0.571428571428571	5
OTU1675	5	8.00192046091062e-05	229.356661442834	0.0951433929375896	0.575649675601062	0.56	5
OTU4390	3	7.69526741054252e-05	7.8952713952714	0.000168144483949951	-0.420401267645193	0	1
OTU2857	1	1.18906064209275e-05	0	6.78909898818266e-18	NA	0	15
OTU6541	6	7.94786202511524e-05	505.766472274646	0.142063916861017	0	0.444444444444444	4
OTU2537	6	8.02890405459655e-05	605.832683243497	0.116383384482963	-0.420401267645193	0.611111111111111	1
OTU3524	5	7.99744081893794e-05	101.480462967189	0.103032751310101	-0.666174316422383	0.64	1
OTU6517	1	1.18906064209275e-05	0	6.78909898818266e-18	NA	0	27
OTU2536	7	7.90326404805185e-05	209.697788120714	0.245143378712052	-0.548999935217734	0.244897959183674	2
OTU6816	11	8.0147471347279e-05	187.137649311862	0.449684315101595	-0.15863959167006	0.314049586776859	2
OTU4462	2	1.19317503877819e-05	1	6.78909898818266e-18	1.15470053837925	0	13
OTU1677	5	7.91076655327901e-05	91.7670860488865	0.0297692178277552	0.560925616785962	0.32	3
OTU7644	17	7.98020908147793e-05	1360.22793753051	0.530388031646117	0.622081095425289	0.207612456747405	2
OTU2198	3	7.5295534974776e-05	619	5.83489684673024e-06	0.755928946018454	0	8
OTU5783	13	7.97957229492499e-05	41.8677943380931	0.524355627056934	0.361840866393506	0	2
OTU4691	9	7.93084304861607e-05	416.27085909897	0.00755306743604503	1.05423702501795	0	1
OTU4412	5	7.95544948289578e-05	17.5634209478098	0.196338546695222	-0.809240164249517	0.32	2
OTU1621	2	7.90263948158685e-05	7.73815363295504	0.0315257576158631	-0.752772652709081	0.5	5
OTU7424	14	7.96558865700175e-05	81.0430482082082	0.491790121433441	0.361840866393506	0.13265306122449	2
OTU8275	15	7.9611495900008e-05	66.7469002688336	0.54857982843298	0.622081095425289	0	2
OTU3097	2	7.85299198994817e-05	34.5610693496038	0.00817662603517827	0.353553390593274	0	7
OTU5789	9	7.94659885568976e-05	13.5523918062031	0.381548051840463	-0.15863959167006	0	2
OTU8080	9	7.85669390320553e-05	1052.191990622	0.000934915880679161	0.316917878686377	0.444444444444444	1
OTU3333	1	7.88643533123028e-05	0	0.0285348933879101	-1.19960050779719	0	2
OTU6590	8	7.9484937604324e-05	265.36135212647	0.234204967947505	-0.288759706185951	0	2
OTU4846	4	7.84621420164771e-05	63.1453357226185	0.000859046384835112	-0.174628218868003	0	1
OTU4394	4	7.91076655327901e-05	56.6428362848234	0.00310341471329961	-0.174628218868003	0	1
OTU7744	5	7.92707094728498e-05	481.582368927144	0.029282375135425	1.03420660594912	0	3
OTU2872	1	7.70950582067689e-05	0	8.60728999214906e-05	-0.911947365199574	0	1
OTU1898	7	7.95102170628926e-05	9.30787506314958	0.322600637127062	-0.418879820701842	1.11022302462516e-16	2
OTU2301	3	7.88084167389077e-05	14.2071234454668	0.0339817270815978	-0.385636361540349	0.444444444444444	3
OTU2874	2	7.71010023130301e-05	49.0556278109387	0.00030101945103219	-1.06066017177982	0.5	7
OTU637	7	7.97511763298509e-05	50.9302570138726	0.206844645226066	-0.679120049733625	0.408163265306122	2
OTU4277	1	1.18906064209275e-05	0	6.78909898818266e-18	NA	0	26
OTU6587	4	7.89390590464162e-05	31.7063551025598	0.00233065908035791	-0.174628218868003	0	1
OTU2759	2	7.86720163637794e-05	249	0.00368895115868594	-0.666174316422383	0	1
OTU6480	4	7.97638988593762e-05	1372.94543380169	0.0244013378157981	-0.420401267645193	0.375	1
OTU5837	5	7.97957229492499e-05	480.322388983565	0.0710740057198832	0.353553390593274	0.64	7
OTU7976	5	7.89141414141414e-05	104.534384979439	0.0900972541009352	0.353553390593274	0.48	7
OTU6686	4	7.88084167389077e-05	120.477916889862	0.00165890772482618	-0.174628218868003	0	1
OTU2628	1	7.82411391909866e-05	0	0.00449116198962451	-1.06066017177982	0	7
OTU4750	3	7.60861294985924e-05	5.5	1.95987396292812e-05	0.36054647107238	0	6
OTU791	17	8.06451612903226e-05	1648.63348355244	0.452293018207684	-0.0285194771541681	0.588235294117647	2
OTU3262	1	7.73275595422208e-05	0	9.84010388395669e-05	-0.566573025970883	0	6
OTU360	3	7.94596742153357e-05	8.83031497510624	0.0943368846395877	-0.858917350703504	0.444444444444444	3
OTU5638	4	7.95608242501392e-05	10.6344436267318	0.191141036953275	-0.809240164249517	0	2
OTU4695	4	7.89016884961338e-05	6.28335016216836	0.00265639826021568	-0.174628218868003	0	1
OTU2744	1	7.54034082340522e-05	0	0.000337016577581234	-1.11803398874989	0	9
OTU2835	1	7.74533343660445e-05	0	0.000188856458078006	-0.911947365199574	0	1
OTU2481	1	7.78149560345498e-05	0	0.00382352282638012	-0.584897651865602	0	4
OTU4923	7	8.00897004645203e-05	1204.45364424178	0.0737914782286262	-0.174628218868003	0.612244897959184	1
OTU8318	16	8.04440511624165e-05	1024.75697387597	0.451573374675392	0.101600637361723	0.5	2
OTU3593	1	7.56200846944949e-05	0	3.74805526510528e-06	-0.911947365199574	0	1
OTU6543	17	8.05866709646224e-05	1198.40861696908	0.443728335318737	0.0876446276228065	0.595155709342561	3
OTU5765	3	7.92079207920792e-05	26.9470612188196	0.0320675840737761	0.0876446276228065	0	3
OTU4436	1	7.69822940723634e-05	0	0.000107724951741604	-0.911947365199574	0	1
OTU8876	21	7.99168864381044e-05	264.931997687984	0.571345115985637	1.40280178252064	0	2
OTU5926	2	7.7435341489856e-05	133.29647497925	0.00370448544589446	0.353553390593274	0	7
OTU4815	13	8.02503811893107e-05	805.952691879196	0.296768896312426	1.50748759511227	0.662721893491124	3
OTU4605	3	1.2014754118057e-05	5	5.43127919054613e-17	1.56524758424985	0	11
OTU8531	4	7.92330243245385e-05	6.235775769198	0.172464777552565	-0.809240164249517	0	2
OTU2502	1	1.18906064209275e-05	0	6.78909898818266e-18	NA	0	25
OTU4609	2	7.73514851485149e-05	255.489927082583	8.02721656084651e-05	-0.385636361540349	0	3
OTU6858	5	7.90388871324692e-05	253.00301873015	0.00238973635656146	0.0711448299091866	0	1
OTU6753	1	1.18906064209275e-05	0	6.78909898818266e-18	NA	0	24
OTU2351	1	7.69408324998076e-05	0	0.000250838828733183	-0.752772652709081	0	5
OTU1225	1	1.19316080228132e-05	0	3.39454949409133e-18	-0.577350269189626	0	13
OTU7921	2	7.77181938291754e-05	44.1067849192287	0.000157478315043078	-0.566573025970883	0.5	6
OTU1425	2	7.89951812939411e-05	0	0.0779893349658338	-1.0694803932813	0	2
OTU4669	2	1.19317503877819e-05	1	6.78909898818266e-18	1.15470053837925	0	14
OTU3366	1	1.20143210707163e-05	0	3.39454949409133e-18	-0.670820393249937	0	11
OTU4851	1	7.77484061576738e-05	0	0.0132025703905706	-1.19960050779719	0	2
OTU2784	1	1.19316080228132e-05	0	3.39454949409133e-18	-0.577350269189626	0	12
OTU4659	2	7.79483981604178e-05	249	0.00901299866529526	0	0	4
OTU5151	3	7.91076655327901e-05	20.8181787927907	0.0551763762659029	-0.0885614885540095	0.444444444444444	5
OTU7471	2	7.86782061369001e-05	4.15972573265808	0.0575728237845558	-1.06066017177982	0.5	7
OTU4802	2	1.19317503877819e-05	1	6.78909898818266e-18	1.15470053837925	0	12
OTU2873	1	1.18906064209275e-05	0	6.78909898818266e-18	NA	0	23
OTU4684	1	1.18906064209275e-05	0	6.78909898818266e-18	NA	0	22
OTU4793	3	7.93021411578113e-05	56.542218092207	0.0294206223477106	-0.584897651865602	0.666666666666667	4
OTU4291	1	7.45267551050827e-05	0	4.02680961796769e-07	-0.566573025970883	0	6
OTU2581	1	7.89827027880894e-05	0	0.0631899376450662	-1.19960050779719	0	2
OTU7882	8	8.03148341498675e-05	976.915166183455	0.0360436133526901	0.808463976240757	0	1
OTU3531	2	1.20146097654748e-05	3	1.35781979763653e-17	0.447213595499958	0	11
OTU6055	1	7.69822940723634e-05	0	0.000107724951741604	-0.911947365199574	0	1
OTU8342	4	7.91828331617705e-05	6.36501364832734	0.142722981520591	-0.809240164249517	0	2
OTU4703	1	1.18906064209275e-05	0	6.78909898818266e-18	NA	0	21
OTU8285	5	7.97511763298509e-05	853.747450186668	0.00575605852249002	0.0711448299091866	0	1
OTU8538	9	8.02310654685494e-05	1640.70241530794	0.0581456705113963	0.808463976240757	0.197530864197531	1
OTU7900	2	7.79848709350386e-05	45.9772005572649	0.000663255643187537	-0.666174316422383	0	1
OTU3638	2	7.52728641324802e-05	123	5.81150488570069e-06	0	0	8
OTU7825	2	7.65520936997627e-05	0	7.14480441540008e-05	-0.385636361540349	0	3
OTU6750	2	7.79970361126277e-05	6.71991611919304	0.000756451383999847	-0.666174316422383	0	1
OTU6769	4	7.80274656679151e-05	72.0979644853933	0.000874801375197642	-0.174628218868003	0	1
OTU6042	1	7.52615338300595e-05	0	5.76500117369858e-06	-0.755928946018454	0	8
OTU7947	4	7.91076655327901e-05	285.988491497609	0.0054775175509691	-0.174628218868003	0	1
OTU8976	5	7.93524837327408e-05	747.365568340943	0.0605084127136918	1.1697953037312	0.32	4
OTU7115	1	7.65462339252909e-05	0	6.69332466990492e-05	-0.858917350703504	0	3
OTU7907	3	7.84436774395984e-05	299.691887932177	0.0031902918426208	-0.385636361540349	0.444444444444444	3
OTU8055	13	8.00832866180828e-05	720.063759817395	0.354578277314473	-0.15863959167006	0.485207100591716	2
OTU6475	2	7.85854616895874e-05	170.576370313485	0.000521919061323309	-0.666174316422383	0	1
OTU896	6	7.94596742153357e-05	7.31578288355324	0.27722660198936	-0.548999935217734	0	2
OTU4739	2	7.80883960643448e-05	342.227812430083	0.000211092452477654	-0.858917350703504	0.5	3
OTU2769	1	7.82472613458529e-05	0	0.00756529592359549	-0.752772652709081	0	5
OTU6496	2	7.68344218209758e-05	0.80952380952381	0.00531209388087893	0	0	9
OTU3418	3	7.68462306923845e-05	249.809523809524	0.00533338993740164	1.11803398874989	0	9
OTU8418	3	7.80944943381492e-05	1072.99261000179	0.000762216385173549	-0.666174316422383	0.444444444444444	1
OTU4665	1	7.84806152880239e-05	0	0.0427324530658945	-1.19960050779719	0	2
OTU4758	5	7.92895654931811e-05	39.2250717077218	0.00572530345692565	0.0711448299091866	0	1
OTU8235	1	7.89016884961338e-05	0	0.0207045871176784	-0.584897651865602	0	4
OTU8118	1	7.25847426870872e-05	0	2.33919610397395e-08	-0.755928946018454	0	8
OTU7353	1	1.18906064209275e-05	0	6.78909898818266e-18	NA	0	20
OTU4147	1	7.89016884961338e-05	0	0.0207045871176784	-0.584897651865602	0	4
OTU4649	1	7.83576241968344e-05	0	0.0268796423854438	-1.19960050779719	0	2
OTU8078	1	1.18906064209275e-05	0	6.78909898818266e-18	NA	0	19
OTU5866	1	7.53352418261263e-05	0	6.2565631487769e-06	-0.670820393249937	0	10
OTU8067	2	7.86534528865817e-05	6.70013946792652	0.00154554736113073	-0.666174316422383	0	1
OTU6195	2	7.91577614185071e-05	0	0.0336961018084589	-0.385636361540349	0	3
OTU73	1	7.88332676389436e-05	0	0.0198574896400154	-0.752772652709081	0	5
OTU4188	1	7.65462339252909e-05	0	6.69332466990492e-05	-0.858917350703504	0	3
OTU8490	3	7.95038956908888e-05	16.8598500823842	0.0764285548743534	-0.385636361540349	0.444444444444444	3
OTU6437	1	1.18906064209275e-05	0	6.78909898818266e-18	NA	0	18
OTU6459	2	7.59359100918824e-05	249	6.37254880758139e-06	-0.103013277449251	0	6
OTU5429	1	1.18906064209275e-05	0	6.78909898818266e-18	NA	0	17
OTU4296	1	7.68226165783207e-05	0	0.00315176424789795	-1.11803398874989	0	9
OTU3547	1	1.18906064209275e-05	0	6.78909898818266e-18	NA	0	16
OTU4529	1	7.85916378497328e-05	0	0.00135669090305272	-0.911947365199574	0	1
OTU4279	1	1.18906064209275e-05	0	6.78909898818266e-18	NA	0	15
OTU8729	1	1.18906064209275e-05	0	6.78909898818266e-18	NA	0	27
OTU5804	1	1.19316080228132e-05	0	3.39454949409133e-18	-0.577350269189626	0	13
OTU8700	4	7.88084167389077e-05	419.409677126797	0.0583235904781989	1.76776695296637	0.375	7
OTU743	1	7.89265982636148e-05	0	0.0357276911967972	-1.19960050779719	0	2
OTU4229	1	7.58782912208817e-05	0	6.2428831424769e-06	-0.566573025970883	0	6
OTU6403	1	7.89016884961338e-05	0	0.0207045871176784	-0.584897651865602	0	4
OTU6491	1	7.52615338300595e-05	0	5.76500117369858e-06	-0.755928946018454	0	8
OTU8289	2	7.70712909441233e-05	249	5.93141155820046e-05	-0.666174316422383	0	1
OTU8907	1	7.77363184079602e-05	0	0.00185035145890694	-0.858917350703504	0	3
OTU4767	2	7.86039930828486e-05	249	0.00136212984423169	-0.666174316422383	0	1
OTU452	1	1.18906064209275e-05	0	6.78909898818266e-18	NA	0	26
OTU6438	1	7.79241019247253e-05	0	0.000206020059338208	-0.911947365199574	0	1
OTU3270	1	7.67636447378521e-05	0	9.86166646650026e-05	-0.670820393249937	0	10
OTU4397	2	7.95165394402036e-05	36.1620232222761	0.0391797398205785	-0.911947365199574	0.5	1
OTU6610	1	7.77725929382486e-05	0	0.000477277860312658	-0.911947365199574	0	1
OTU4833	2	7.91327055472027e-05	19.0254032010281	0.0197983913588606	-0.752772652709081	0.5	5
OTU6473	2	7.59359100918824e-05	249	6.37254880758139e-06	-0.103013277449251	0	6
OTU5195	1	7.67636447378521e-05	0	9.86166646650026e-05	-0.670820393249937	0	10
OTU5852	1	1.20143210707163e-05	0	3.39454949409133e-18	-0.670820393249937	0	11
OTU4426	1	1.18906064209275e-05	0	6.78909898818266e-18	NA	0	25
OTU8658	7	7.92832791564259e-05	311.022002897339	0.208934695658803	-0.548999935217734	0.244897959183674	2
OTU8881	2	7.94407372100413e-05	77.6756689818696	0.0432929871203927	-0.752772652709081	0.5	5
OTU6849	1	1.18906064209275e-05	0	6.78909898818266e-18	NA	0	24
OTU5114	1	7.89702282239596e-05	0	0.0246038979901006	-0.752772652709081	0	5
OTU7020	1	7.79423226812159e-05	0	0.0147993973207676	-1.19960050779719	0	2
OTU4762	2	7.85669390320553e-05	0	0.0614429582642907	-1.0694803932813	0	2
OTU7911	2	7.84436774395984e-05	249	0.00396960082698807	-0.0885614885540095	0	5
OTU2715	1	7.83576241968344e-05	0	0.0268796423854438	-1.19960050779719	0	2
OTU4541	1	7.62660158633313e-05	0	1.04322131843795e-05	-0.566573025970883	0	6
OTU4204	1	7.78452436556126e-05	0	0.00451838175839523	-0.858917350703504	0	3
OTU6656	1	7.71604938271605e-05	0	0.000233104593693068	-0.911947365199574	0	1
OTU6423	1	1.19316080228132e-05	0	3.39454949409133e-18	-0.577350269189626	0	14
OTU6880	1	7.64642911760208e-05	0	0.000569530823655087	-0.584897651865602	0	4
OTU6651	1	1.19316080228132e-05	0	3.39454949409133e-18	-0.577350269189626	0	12
OTU6875	1	7.72021925422682e-05	0	0.000103820780268491	-0.911947365199574	0	1
OTU4848	2	7.91765637371338e-05	0	0.105922390710961	-1.0694803932813	0	2
OTU3509	1	1.18906064209275e-05	0	6.78909898818266e-18	NA	0	23
OTU8104	1	1.18906064209275e-05	0	6.78909898818266e-18	NA	0	22
OTU7173	1	7.80396441392227e-05	0	0.0308013976841152	-1.19960050779719	0	2
OTU5768	1	7.86782061369001e-05	0	0.0187528080529773	-0.858917350703504	0	3
OTU530	2	7.88022064617809e-05	0	0.00461854622513575	-0.666174316422383	0	1
OTU8583	1	1.18906064209275e-05	0	6.78909898818266e-18	NA	0	21
OTU5649	1	7.78876859568502e-05	0	0.00127300713701481	-0.911947365199574	0	1
