id	Node.Name	node.degree	node.betw	node.stress	node.evcent	Clustering.Coefficient	No..module	Zi	Pi
OTU1028	22	6.3322288	406	0.032794294	0.796536797	0.796536797	2	-0.271092749	0.08677686
OTU103	1	0	0	6.47e-05	0	0	4	-1.054255127	0
OTU1099	11	6.622408483	276	0.015250218	0.709090909	0.709090909	2	-0.809166627	0.429752066
OTU110	14	280.4479433	12081	0.001169074	0.472527473	0.472527473	4	0.933768827	0.336734694
OTU1108	10	402.0978365	21987	0.000217388	0.488888889	0.488888889	4	0.536164036	0.18
OTU1119	42	1010.211915	19051	0.037772377	0.422764228	0.422764228	2	0.556713218	0.046485261
OTU1120	3	1.353205183	13	0.001716987	0	0	3	-0.784249504	0.666666667
OTU1189	56	282.2945472	8653	0.06853817	0.512337662	0.512337662	2	0.26698113	0.553571429
OTU1225	10	396.3971563	6425	0.011442467	0.577777778	0.577777778	3	0.228482139	0.5
OTU1234	45	51.13873885	3841	0.071087346	0.671717172	0.671717172	2	0.26698113	0.39308642
OTU1280	50	339.6288702	11237	0.066338851	0.583673469	0.583673469	1	0.699905982	0.4736
OTU1282	18	227.7947401	6414	0.022349893	0.444444444	0.444444444	1	-0.590481153	0.549382716
OTU1287	17	219.6063418	6186	0.022200738	0.485294118	0.485294118	1	-0.590481153	0.553633218
OTU1288	7	0.093762439	4	0.009039086	0.952380952	0.952380952	3	-0.531066593	0.571428571
OTU1305	9	28.99747848	1419	0.000268341	0.416666667	0.416666667	4	0.138559245	0.345679012
OTU1319	10	42.75009442	1068	0.008656502	0.666666667	0.666666667	2	-0.726386031	0
OTU1321	46	376.2484879	11317	0.05428708	0.557487923	0.557487923	1	1.009598894	0.263705104
OTU1345	8	55.40834098	3573	0.003935571	0.535714286	0.535714286	1	-0.745327609	0.46875
OTU1372	4	787.1198574	10387	5.13e-05	0	0	6	1.788854382	0.375
OTU1382	14	336.6872439	14588	0.006451063	0.472527473	0.472527473	1	-0.435634697	0.336734694
OTU1393	13	6.940847728	536	0.017713612	0.717948718	0.717948718	2	-0.602215136	0
OTU1402	43	202.427518	5686	0.059391231	0.635658915	0.635658915	1	0.286982099	0.570037858
OTU1425	94	1590.154167	46313	0.111871149	0.414550446	0.414550446	2	1.177567694	0.552286102
OTU1452	93	1497.783095	38266	0.117173987	0.432912576	0.432912576	2	0.887835605	0.566770725
OTU1463	25	13.64963478	927	0.035596033	0.736666667	0.736666667	2	-0.146921854	0.0768
OTU1464	16	29.81937994	862	0.019870482	0.683333333	0.683333333	3	0.228482139	0.6640625
OTU1508	98	1355.296874	42479	0.089303378	0.304860088	0.304860088	2	2.709008733	0.096834652
OTU1513	31	211.0316166	6040	0.026866949	0.572043011	0.572043011	1	0.545059526	0.062434964
OTU1557	121	1561.340316	48126	0.14501499	0.377272727	0.377272727	2	2.129544556	0.464175944
OTU1605	65	282.1884171	11964	0.093286631	0.586057692	0.586057692	2	0.51532292	0.527337278
OTU1621	78	782.0546355	21121	0.087647793	0.384948385	0.384948385	2	1.591470677	0.26035503
OTU1642	24	17.10599574	1641	0.038566395	0.739130435	0.739130435	2	-0.188312152	0.079861111
OTU1644	1	0	0	7.15e-49	0	0	21	0	0
OTU1645	31	14.44446234	927	0.049944647	0.756989247	0.756989247	2	-0.022750959	0.224765869
OTU1661	18	5.828039752	426	0.027405897	0.777777778	0.777777778	2	-0.519434539	0.277777778
OTU1675	82	853.0221011	26297	0.103734087	0.459801265	0.459801265	1	1.009598894	0.603509816
OTU1677	27	129.8993455	2608	0.02828991	0.723646724	0.723646724	1	0.338597584	0.07133059
OTU1693	15	395.5925026	12703	0.019703962	0.695238095	0.695238095	2	-0.519434539	0
OTU1694	8	393.073545	12218	0.008351598	0.714285714	0.714285714	1	-0.590481153	0
OTU1756	16	76.56262368	1553	0.022073123	0.7	0.7	2	-0.560824837	0.21875
OTU1810	44	69.67771822	4705	0.069514538	0.640591966	0.640591966	2	0.184200533	0.424586777
OTU1874	82	983.2291245	34690	0.1038527	0.470942487	0.470942487	2	1.094787097	0.503271862
OTU1936	80	975.0140499	32914	0.086653518	0.404746835	0.404746835	2	2.005373661	0.09625
OTU1945	32	244.8004632	6794	0.033531005	0.641129032	0.641129032	1	0.596675011	0.060546875
OTU1954	18	85.16892503	2401	0.022340229	0.549019608	0.549019608	2	-0.519434539	0.277777778
OTU2086	98	1034.799796	45371	0.119069413	0.450031559	0.450031559	1	2.351601514	0.480424823
OTU2141	41	64.18060469	2733	0.051655367	0.682926829	0.682926829	1	0.803136953	0.259369423
OTU2179	13	168.6002993	8950	0.000768761	0.576923077	0.576923077	4	1.132571222	0.142011834
OTU2183	17	2.286229486	138	0.024799933	0.794117647	0.794117647	2	-0.436653942	0
OTU2198	12	18.16699813	640	0.000229013	0.696969697	0.696969697	4	1.132571222	0
OTU2224	16	77.13517599	1827	0.01732528	0.7	0.7	1	-0.17755727	0
OTU2274	19	485.5318131	29377	0.001955114	0.426900585	0.426900585	4	1.728978408	0.332409972
OTU2277	11	75.20812555	2515	0.006281523	0.254545455	0.254545455	3	0.988030872	0.396694215
OTU2283	43	430.7088876	8539	0.056648768	0.555924695	0.555924695	2	0.391152025	0.2401298
OTU2285	54	192.7474611	10430	0.078322157	0.575122292	0.575122292	2	0.680884113	0.31824417
OTU2297	47	92.65300019	4619	0.068924905	0.648473636	0.648473636	2	0.51532292	0.253508375
OTU2340	49	406.3071093	11554	0.063153863	0.637755102	0.637755102	1	1.06121438	0.316534777
OTU2382	2	393	6656	0.000270154	0	0	1	-0.900174065	0
OTU2396	92	726.8443989	27354	0.121372638	0.487338748	0.487338748	2	1.0120065	0.539697543
OTU2405	25	363.2632142	10555	0.02495417	0.523333333	0.523333333	1	0.080520157	0.2688
OTU2414	45	322.9868426	10043	0.061138547	0.593939394	0.593939394	2	0.308371428	0.369382716
OTU2416	1	0	0	7.15e-49	0	0	18	0	0
OTU242	5	393	15979	6.44e-05	0.6	0.6	4	-0.259045545	0
OTU2420	23	16.6767975	700	0.034980567	0.786561265	0.786561265	3	-0.024700772	0.620037807
OTU2427	1	0	0	5.26e-05	0	0	1	-0.951789551	0
OTU2441	1	0	0	7.15e-49	0	0	18	0	0
OTU2442	62	619.0740135	14125	0.042255038	0.280274987	0.280274987	2	1.301738589	0.093132154
OTU2477	7	791.6798475	14695	0.003389277	0.333333333	0.333333333	1	-0.642096638	0
OTU2481	49	248.6775082	9588	0.070222633	0.572278912	0.572278912	2	0.473932622	0.34485631
OTU2487	5	4.492492775	196	0.007073553	0.7	0.7	3	-0.531066593	0.64
OTU250	45	100.7820738	6915	0.068125538	0.665656566	0.665656566	2	0.308371428	0.345679012
OTU2506	74	1708.709023	39214	0.0932096	0.500925583	0.500925583	1	1.319291807	0.535062089
OTU2536	37	54.75789006	2724	0.057556901	0.717717718	0.717717718	1	0.132135643	0.482103725
OTU2537	89	963.1719558	29168	0.11579873	0.478804903	0.478804903	2	1.218957992	0.516096452
OTU2538	27	40.08855067	1591	0.039624183	0.709401709	0.709401709	3	0.48166505	0.647462277
OTU2561	13	520.9704339	7650	0.008686467	0.269230769	0.269230769	1	-0.487250182	0.355029586
OTU2581	26	246.9296365	7266	0.031625875	0.550769231	0.550769231	3	0.48166505	0.639053254
OTU2589	53	716.4369946	30352	0.071961018	0.622641509	0.622641509	1	0.751521467	0.514773941
OTU2598	80	748.923408	19571	0.095251582	0.463607595	0.463607595	2	1.75703187	0.2271875
OTU2601	9	0.705007234	43	0.011598511	0.805555556	0.805555556	2	-0.767776329	0
OTU2616	38	97.76714004	4720	0.055294107	0.624466572	0.624466572	2	0.101419936	0.342105263
OTU2620	13	5.595279779	218	0.020204034	0.807692308	0.807692308	1	-0.590481153	0.556213018
OTU2623	48	115.1306968	7633	0.071670976	0.595744681	0.595744681	2	0.432542323	0.353298611
OTU2715	33	438.20955	9709	0.043558591	0.556818182	0.556818182	2	-0.188312152	0.451790634
OTU2727	25	361.7954271	14133	0.025063855	0.603333333	0.603333333	1	0.235366613	0.0768
OTU2753	4	393	5930	0.004293837	0.5	0.5	3	-0.531066593	0.5
OTU2756	20	6.384103145	564	0.032094438	0.826315789	0.826315789	2	-0.353873346	0.095
OTU2766	14	1.83894521	145	0.024116281	0.824175824	0.824175824	2	-0.602215136	0.132653061
OTU2770	60	554.8491994	15743	0.077770744	0.507909605	0.507909605	2	0.308371428	0.566111111
OTU2771	19	1120.594823	22586	0.007604248	0.18128655	0.18128655	1	-0.022710814	0
OTU284	49	112.8033597	6209	0.073638369	0.619897959	0.619897959	2	0.308371428	0.448979592
OTU3067	24	357.6394198	15813	0.018191768	0.449275362	0.449275362	2	-0.146921854	0
OTU3068	38	59.75415703	5498	0.060187955	0.664295875	0.664295875	2	0.101419936	0.349030471
OTU3117	13	47.92583905	1110	0.013401365	0.371794872	0.371794872	1	-0.590481153	0.544378698
OTU3134	9	12.06930754	293	0.009228141	0.694444444	0.694444444	3	-0.024700772	0.49382716
OTU3142	64	1105.491127	30534	0.055995299	0.284722222	0.284722222	2	0.680884113	0.438964844
OTU3169	44	166.5951063	8313	0.06370329	0.601479915	0.601479915	1	0.235366613	0.534090909
OTU318	3	0	0	0.000808064	1	1	2	-1.016118119	0
OTU3259	32	76.70217066	3345	0.041945344	0.705645161	0.705645161	1	0.39021307	0.263671875
OTU3359	20	1134.166653	41739	0.013933562	0.473684211	0.473684211	1	-0.280788241	0.42
OTU3422	74	344.6816078	16171	0.102955177	0.507960015	0.507960015	2	0.76366471	0.528853178
OTU3523	24	1063.429648	47734	0.002156162	0.391304348	0.391304348	4	2.126583199	0.413194444
OTU3536	30	558.6550957	15203	0.022778109	0.429885057	0.429885057	1	0.441828555	0.126666667
OTU3544	2	0.668914419	7	0.00075881	0	0	3	-0.784249504	0.5
OTU360	5	0	0	0.004675304	1	1	2	-0.933337522	0
OTU3806	106	1293.487936	52351	0.131067902	0.438274933	0.438274933	1	1.990293117	0.55250979
OTU3833	5	395.5932424	9209	0.001532922	0.3	0.3	1	-0.745327609	0
OTU3860	74	351.3390386	13919	0.080823686	0.375416512	0.375416512	2	1.591470677	0.19284149
OTU3908	3	1.433419132	67	0.002392613	0.333333333	0.333333333	2	-1.016118119	0
OTU3909	38	34.41405363	3080	0.061339931	0.682788051	0.682788051	2	0.142810235	0.314404432
OTU3968	110	1964.905116	50578	0.126932113	0.366972477	0.366972477	2	1.798422169	0.47553719
OTU3983	10	0.816017147	54	0.012882381	0.8	0.8	2	-0.726386031	0
OTU3984	121	2076.955373	60580	0.14717184	0.392424242	0.392424242	1	1.577369234	0.521549075
OTU3987	50	272.9379579	10180	0.068962494	0.555102041	0.555102041	2	0.101419936	0.5088
OTU3992	91	1541.445261	59299	0.107261102	0.454700855	0.454700855	1	2.506447971	0.392223161
OTU4004	27	27.707962	1749	0.039962748	0.715099715	0.715099715	2	-0.188312152	0.252400549
OTU4023	28	27.82591952	1542	0.040616406	0.714285714	0.714285714	2	-0.064141257	0.132653061
OTU408	15	645.6189282	24847	0.003709588	0.40952381	0.40952381	1	-0.590481153	0.497777778
OTU4080	10	2.176992536	109	0.011988394	0.711111111	0.711111111	2	-0.726386031	0
OTU4132	149	2789.761783	84310	0.161375348	0.311627063	0.311627063	2	2.957350523	0.470159002
OTU4214	52	125.7450973	5968	0.077109414	0.613122172	0.613122172	2	0.391152025	0.420857988
OTU4231	50	107.0227376	7916	0.075421552	0.612244898	0.612244898	2	0.473932622	0.3656
OTU4257	1	0	0	7.15e-49	0	0	21	0	0
OTU4331	44	1485.658665	27214	0.062654985	0.606765328	0.606765328	2	-0.105531555	0.591942149
OTU438	80	351.0583406	13368	0.094774319	0.459177215	0.459177215	2	1.75703187	0.2265625
OTU4412	1	0	0	4.19e-06	0	0	1	-0.951789551	0
OTU442	135	2661.036901	71730	0.150681782	0.334770591	0.334770591	1	2.299986029	0.528065844
OTU455	87	1520.856683	39845	0.104968527	0.461641272	0.461641272	1	2.093524087	0.465054829
OTU46	3	0	0	0.002927221	1	1	3	-0.784249504	0.444444444
OTU4649	36	442.0578039	9532	0.052261833	0.625396825	0.625396825	3	0.48166505	0.600308642
OTU4665	81	807.3907871	23668	0.099480208	0.476234568	0.476234568	2	1.632860975	0.302697759
OTU4762	37	868.7611164	21449	0.04364437	0.507507508	0.507507508	1	0.648290496	0.239590942
OTU4803	61	906.9601205	23237	0.049920603	0.307650273	0.307650273	2	0.970616202	0.27411986
OTU4815	64	656.1660973	22836	0.079427983	0.543650794	0.543650794	1	1.319291807	0.455566406
OTU482	6	396.8702586	8075	0.004463698	0.4	0.4	1	-0.693712124	0
OTU4838	78	1014.633275	33582	0.078757935	0.391608392	0.391608392	2	1.881202766	0.121959237
OTU4848	53	479.8684495	11103	0.063908288	0.530478955	0.530478955	2	0.76366471	0.229263083
OTU4886	7	3.410295257	76	0.008065944	0.761904762	0.761904762	2	-0.933337522	0.408163265
OTU5029	41	2628.195004	115410	0.033736893	0.443902439	0.443902439	1	0.596675011	0.368828079
OTU5039	18	9.248966591	490	0.027049992	0.758169935	0.758169935	2	-0.643605434	0.444444444
OTU5049	11	1069.246144	23999	0.002768166	0.309090909	0.309090909	4	0.138559245	0.462809917
OTU5058	39	63.8479914	5340	0.059030612	0.645074224	0.645074224	2	0.225590831	0.270874425
OTU5092	64	1062.913698	32687	0.078112239	0.554563492	0.554563492	1	1.577369234	0.365722656
OTU5119	5	10.0146679	153	0.002587744	0.4	0.4	1	-0.745327609	0
OTU5128	57	223.3679033	8808	0.079047029	0.628446115	0.628446115	1	0.803136953	0.509079717
OTU5151	73	424.0049778	15723	0.081666321	0.410578387	0.410578387	2	1.467299782	0.236442109
OTU5275	12	313.67726	5468	0.012773549	0.46969697	0.46969697	1	-0.590481153	0.5
OTU5297	30	28.72510325	1447	0.042115323	0.737931034	0.737931034	1	0.080520157	0.42
OTU530	10	505.1359225	18709	0.005781248	0.466666667	0.466666667	2	-0.726386031	0
OTU5319	5	6.328332609	86	0.002887459	0.4	0.4	3	-0.277883683	0.48
OTU533	23	469.6600693	11054	0.025540404	0.612648221	0.612648221	1	0.132135643	0.083175803
OTU5332	25	417.1682418	7445	0.033606354	0.653333333	0.653333333	2	-0.271092749	0.2688
OTU5334	23	400.6007742	8526	0.037253437	0.711462451	0.711462451	2	-0.395263644	0.34026465
OTU5340	63	827.0583937	27774	0.076628734	0.50640041	0.50640041	1	1.370907292	0.394053918
OTU5429	24	16.19514447	967	0.036217998	0.75	0.75	2	-0.353873346	0.329861111
OTU5444	117	1804.467577	51217	0.131239791	0.348511642	0.348511642	2	1.839812467	0.507560815
OTU5455	136	3045.607511	94222	0.156874594	0.352178649	0.352178649	1	2.248370544	0.547902249
OTU5465	92	3755.055018	86642	0.099085992	0.375537506	0.375537506	1	2.145139573	0.467391304
OTU5500	7	12.45172504	464	0.009232141	0.761904762	0.761904762	1	-0.693712124	0.244897959
OTU5528	61	358.225353	14012	0.071532648	0.508743169	0.508743169	2	1.136177395	0.177371674
OTU5570	68	646.4865373	21753	0.087669197	0.520193152	0.520193152	3	2.000762515	0.62283737
OTU5576	31	2217.876887	38928	0.040343879	0.520430108	0.520430108	1	-0.074326299	0.511966701
OTU5638	56	204.3871372	13172	0.08489104	0.588961039	0.588961039	2	0.349761726	0.5
OTU5649	24	721.0224431	16359	0.029674216	0.503623188	0.503623188	1	-0.17755727	0.489583333
OTU5653	126	1717.721054	59476	0.142181646	0.352380952	0.352380952	2	2.626228136	0.409549005
OTU5709	13	5.457807827	238	0.018619461	0.743589744	0.743589744	2	-0.684995732	0.26035503
OTU5732	15	73.09941329	1129	0.013143275	0.371428571	0.371428571	3	0.48166505	0.657777778
OTU5765	61	209.5334881	9747	0.083163962	0.627868852	0.627868852	1	1.216060836	0.450954045
OTU5783	80	924.6029496	24585	0.086053943	0.388291139	0.388291139	2	1.922593064	0.1415625
OTU5789	60	449.2898326	15468	0.081483918	0.546327684	0.546327684	2	0.26698113	0.517777778
OTU5795	5	1531.133424	21734	0.002717513	0.2	0.2	1	-0.84855858	0.48
OTU5836	6	0.446707677	18	0.005427463	0.8	0.8	2	-0.891947224	0
OTU5877	8	0.186454583	8	0.011099301	0.892857143	0.892857143	3	-0.531066593	0.53125
OTU5890	29	45.6584468	2128	0.043561832	0.669950739	0.669950739	2	-0.105531555	0.244946492
OTU6039	7	0.464837966	28	0.006807158	0.904761905	0.904761905	2	-0.850556926	0
OTU6042	14	471.4937417	29841	0.002894761	0.604395604	0.604395604	4	0.734966431	0.408163265
OTU6195	73	1072.31142	41521	0.088417203	0.519025875	0.519025875	1	2.041908602	0.319009195
OTU6257	10	10.17562162	119	0.012425285	0.644444444	0.644444444	2	-0.850556926	0.42
OTU637	64	333.9059084	11914	0.08835038	0.560019841	0.560019841	2	0.76366471	0.431640625
OTU6403	56	442.655231	15143	0.057104767	0.524675325	0.524675325	1	1.887062146	0
OTU654	3	8.262172294	44	0.001161412	0	0	1	-0.84855858	0
OTU6543	75	1621.887773	52227	0.095438234	0.510630631	0.510630631	1	1.783831175	0.410311111
OTU6578	10	206.9202939	7833	0.001922135	0.644444444	0.644444444	4	0.337361641	0.32
OTU6602	72	1053.799056	30760	0.08086373	0.408059468	0.408059468	2	0.887835605	0.481095679
OTU6622	38	98.98376879	4439	0.046667091	0.640113798	0.640113798	1	0.596675011	0.300554017
OTU673	20	10.10541451	458	0.029457826	0.752631579	0.752631579	2	-0.478044241	0.32
OTU6816	32	863.3487129	19646	0.037673626	0.534274194	0.534274194	2	-0.064141257	0.3046875
OTU6841	43	145.0371356	5936	0.063464524	0.675526024	0.675526024	1	0.441828555	0.493239589
OTU6845	21	9.949554784	1208	0.033763972	0.747619048	0.747619048	2	-0.312483047	0.090702948
OTU6847	14	54.25767124	1258	0.019782163	0.692307692	0.692307692	3	-0.277883683	0.642857143
OTU6870	3	395.1198574	5223	5.13e-05	0	0	6	0.447213595	0.444444444
OTU695	17	179.5455976	6821	0.019407321	0.448529412	0.448529412	1	-0.590481153	0.498269896
OTU6987	25	27.94127585	1746	0.039509078	0.736666667	0.736666667	1	-0.435634697	0.4928
OTU7038	3	0.111111111	1	5.54e-05	0.666666667	0.666666667	4	-0.656650336	0
OTU7083	90	1461.111498	51081	0.112162873	0.448689139	0.448689139	1	1.525753748	0.542222222
OTU7092	39	195.8052252	6910	0.047040376	0.518218623	0.518218623	2	0.225590831	0.272189349
OTU7173	50	548.2578396	14943	0.048494791	0.454693878	0.454693878	2	0.887835605	0.0392
OTU718	27	12.60254927	611	0.045077274	0.797720798	0.797720798	2	-0.395263644	0.482853224
OTU73	4	0.066594706	5	0.003682391	0.833333333	0.833333333	2	-0.974727821	0
OTU7304	48	71.6596841	5382	0.075730745	0.64893617	0.64893617	2	0.225590831	0.467881944
OTU7394	30	414.2766601	8696	0.043125965	0.673563218	0.673563218	2	-0.022750959	0.18
OTU7440	67	1144.574593	34038	0.079380915	0.517412935	0.517412935	1	1.938677631	0.263310314
OTU7449	45	166.3256522	6156	0.06343526	0.6	0.6	2	0.101419936	0.487901235
OTU7471	23	560.8228179	11971	0.025325778	0.644268775	0.644268775	1	0.132135643	0.083175803
OTU7527	58	1037.570252	28397	0.063282558	0.520266183	0.520266183	1	1.73221569	0.157550535
OTU7560	9	0.284082971	10	0.010561611	0.916666667	0.916666667	2	-0.767776329	0
OTU7566	16	1215.376235	28715	0.011836748	0.341666667	0.341666667	3	1.494396693	0.46875
OTU7644	81	494.2808583	18141	0.102666911	0.485802469	0.485802469	1	1.370907292	0.520042676
OTU7744	65	1429.09186	36438	0.066708674	0.477884615	0.477884615	1	2.196755058	0.088047337
OTU7765	16	414.6824696	11199	0.017843466	0.7	0.7	1	-0.17755727	0
OTU778	5	408.9071283	7238	0.004171033	0.4	0.4	4	-0.855452731	0.48
OTU7782	98	1809.174915	42133	0.123092962	0.426467494	0.426467494	1	1.06121438	0.538317368
OTU7800	31	37.26383191	3867	0.049026335	0.703225806	0.703225806	2	0.060029638	0.122788762
OTU7836	16	184.1221978	11186	0.001150253	0.5	0.5	4	0.933768827	0.4296875
OTU7853	1	0	0	0.000661405	0	0	2	-1.098898716	0
OTU7880	42	94.52013899	7003	0.065391474	0.62253194	0.62253194	2	0.060029638	0.471655329
OTU7881	46	1274.770836	60808	0.042653485	0.317874396	0.317874396	2	0.349761726	0.36294896
OTU7907	42	1109.39067	31465	0.040920274	0.43786295	0.43786295	1	0.545059526	0.430839002
OTU791	99	949.24832	32582	0.114461177	0.398474541	0.398474541	2	2.088154257	0.35261708
OTU7919	4	0.687179487	6	6.73e-05	0.833333333	0.833333333	4	-0.457847941	0
OTU7971	16	3.956097264	236	0.019993928	0.741666667	0.741666667	2	-0.478044241	0
OTU7976	77	600.9503008	19752	0.100520952	0.505468216	0.505468216	1	0.648290496	0.595041322
OTU7994	1	0	0	7.95e-07	0	0	6	-0.894427191	0
OTU7997	63	866.8319444	29053	0.081962767	0.541218638	0.541218638	1	1.216060836	0.459057697
OTU8053	3	784	17330	5.07e-05	0.333333333	0.333333333	4	-0.656650336	0
OTU8055	48	3299.701343	132570	0.056069525	0.539007092	0.539007092	1	0.751521467	0.465277778
OTU8147	22	620.6810097	11543	0.023940983	0.441558442	0.441558442	1	-0.074326299	0.297520661
OTU8182	42	121.8073737	6127	0.065837922	0.680603949	0.680603949	2	0.060029638	0.472789116
OTU8195	58	378.2069922	12809	0.082054587	0.603750756	0.603750756	1	0.648290496	0.546967895
OTU8199	41	461.2783338	15033	0.053347046	0.640243902	0.640243902	1	0.596675011	0.400951814
OTU8235	45	229.3221159	6126	0.05564084	0.518181818	0.518181818	3	1.747579604	0.630123457
OTU8275	127	1777.926132	58660	0.151524801	0.377077865	0.377077865	2	1.798422169	0.545477091
OTU8288	87	1790.357305	59582	0.102049712	0.455760492	0.455760492	1	2.403217	0.388426476
OTU8326	15	2614.722999	32368	0.010216911	0.247619048	0.247619048	1	-0.435634697	0.417777778
OTU8360	3	0.511274354	6	0.002404924	0.333333333	0.333333333	1	-0.84855858	0
OTU8370	15	68.36976843	2016	0.010707275	0.638095238	0.638095238	1	-0.229172755	0
OTU8418	23	1495.21878	65874	0.001982543	0.363636364	0.363636364	4	2.325385594	0.34026465
OTU8444	14	2.342681839	134	0.019793763	0.835164835	0.835164835	2	-0.560824837	0
OTU8446	25	468.0656344	15101	0.02346311	0.57	0.57	1	0.183751128	0.1504
OTU8451	3	4.538095238	28	0.000371261	0.666666667	0.666666667	1	-0.84855858	0
OTU8490	85	1117.925118	30424	0.106353958	0.442296919	0.442296919	3	2.253945426	0.615363322
OTU8531	47	81.41722637	6143	0.067332455	0.703977798	0.703977798	1	0.906367923	0.354006338
OTU8538	3	4.538095238	28	0.000371261	0.666666667	0.666666667	1	-0.84855858	0
OTU8583	12	17.52987701	218	0.000183492	0.53030303	0.53030303	4	1.132571222	0
OTU8638	5	2.666666667	8	0.003564821	0.8	0.8	1	-0.745327609	0
OTU8643	6	5.977132895	58	0.001970525	0.266666667	0.266666667	1	-0.693712124	0
OTU8649	28	496.1108598	9008	0.035661518	0.587301587	0.587301587	2	-0.105531555	0.196428571
OTU8657	135	1694.955016	57135	0.154668375	0.349917081	0.349917081	2	2.584837838	0.470123457
OTU8658	55	302.7050862	11255	0.07332532	0.572390572	0.572390572	1	0.545059526	0.571239669
OTU8678	108	2385.886745	64415	0.127743009	0.397023191	0.397023191	3	3.51985998	0.614026063
OTU8689	1	0	0	7.95e-07	0	0	6	-0.894427191	0
OTU8700	51	143.908957	7457	0.065251923	0.655686275	0.655686275	1	1.370907292	0.181468666
OTU8733	4	0.641872809	9	0.001675628	0.833333333	0.833333333	1	-0.796943094	0
OTU8742	8	52.32368163	710	0.009228811	0.678571429	0.678571429	1	-0.796943094	0.59375
OTU8751	12	127.2526731	6124	0.003486553	0.5	0.5	1	-0.590481153	0.444444444
OTU8784	12	418.204065	9109	0.000414854	0.545454545	0.545454545	4	0.933768827	0.152777778
OTU8804	71	810.8705323	22042	0.092039862	0.536418511	0.536418511	1	1.628984719	0.430073398
OTU8822	9	5.992725453	106	0.008645102	0.666666667	0.666666667	3	0.48166505	0.444444444
OTU8828	18	3.218906548	234	0.029353147	0.777777778	0.777777778	2	-0.436653942	0.104938272
OTU8844	10	0.811310165	99	0.016373926	0.844444444	0.844444444	2	-0.726386031	0
OTU8876	114	2258.201516	56626	0.138523581	0.403043006	0.403043006	2	1.881202766	0.508310249
OTU8880	66	290.0786741	13774	0.096053985	0.552447552	0.552447552	2	0.556713218	0.522956841
OTU8881	31	48.00641874	1737	0.044433866	0.630107527	0.630107527	2	-0.188312152	0.418314256
OTU8907	6	71.39546618	968	0.004476857	0.466666667	0.466666667	1	-0.693712124	0
OTU8919	58	1775.662187	42530	0.07746118	0.566243194	0.566243194	1	1.009598894	0.478002378
OTU896	62	187.5806269	10033	0.088398043	0.575885775	0.575885775	2	0.473932622	0.48855359
OTU8976	12	1526.397015	38845	0.00612118	0.257575758	0.257575758	1	-0.384019211	0
OTU964	5	8.056139942	152	0.002065177	0.4	0.4	1	-0.745327609	0
OTU983	27	15.86440623	1344	0.044265916	0.752136752	0.752136752	2	-0.312483047	0.384087791
OTU994	7	3.188943174	57	0.005678199	0.714285714	0.714285714	1	-0.642096638	0
