id	node.degree	node.betw	node.stress	node.evcent	Clustering.Coefficient	No..module	Zi	Pi
OTU1028	3	330.41304233401	7159	0.000388039107181807	0	3	0.505649896847432	0
OTU103	19	35.414129233032	1481	0.0474089982700943	0.830409356725146	2	-0.367114078948155	0.188365650969529
OTU1036	1	0	0	0.00266168585906287	0	2	-1.22437506330277	0
OTU1080	85	223.820063038359	26873	0.145090034857075	0.456302521008403	2	1.93677481650486	0.421868512110727
OTU110	6	0.4	2	4.15836699034534e-07	0.933333333333333	7	0.337526370277807	0
OTU1108	7	193.428571428571	41253	7.14026507809344e-06	0.428571428571429	7	0.675052740555614	0
OTU1119	33	6.39251280112323	219	0.0806801698008615	0.831439393939394	2	-0.206377644381666	0.477502295684114
OTU1287	1	0	0	4.16928634177214e-52	0	26	0	0
OTU1307	1	0	0	7.60951691727443e-09	0	7	-1.35010548111123	0
OTU1321	36	459.067665533539	55050	0.0819231786396353	0.70952380952381	2	0.00793760170698718	0.444444444444444
OTU1345	7	284.321428571429	41255	7.14547993335265e-06	0.476190476190476	7	0.675052740555614	0
OTU1402	51	43.1407662081323	6627	0.102970731240102	0.689411764705882	2	0.704462151495109	0.398308342945021
OTU1425	7	0.0727513227513227	2	0.0120849549272234	0.904761904761905	1	-0.780323710622617	0.244897959183674
OTU1452	20	16.5163645197898	340	0.0404122804891629	0.826315789473684	1	0.0987156501390057	0.255
OTU1480	1	0	0	0.00149864344932461	0	2	-1.22437506330277	0
OTU1504	1	0	0	0.000849758932210912	0	1	-1.17988705642335	0
OTU1508	10	2.18208431547209	43	0.014657777144441	0.666666666666667	1	-0.620498372302322	0.32
OTU1540	1	0	0	0.00266168585906287	0	2	-1.22437506330277	0
OTU1605	95	412.543034537348	31336	0.159812373849116	0.442553191489362	2	1.93677481650486	0.472908587257618
OTU1621	36	23.0471124392802	1511	0.0706081364687293	0.653968253968254	2	-0.152798832859503	0.486111111111111
OTU1675	1	0	0	0.000507043119491222	0	1	-1.17988705642335	0
OTU1677	36	270.628329462583	54639	0.0853951451934542	0.768253968253968	2	0.00793760170698718	0.444444444444444
OTU1685	19	0.333383316479856	15	0.0514945333221102	0.941520467836257	2	-0.527850513514645	0.387811634349031
OTU1688	1	0	0	4.16928634177214e-52	0	15	0	0
OTU1694	27	219.935968909977	40406	0.0632768476362768	0.763532763532764	2	-0.0456412098151761	0.252400548696845
OTU1704	34	8.45057852542795	264	0.0836643825988631	0.843137254901961	1	-0.141022357341437	0.484429065743945
OTU1874	1	0	0	0.00207361025267318	0	1	-1.17988705642335	0
OTU1898	44	87.5678460745493	1094	0.0939641932128726	0.659619450317125	1	0.338453657619448	0.519628099173554
OTU1936	6	35.429839397155	239	0.00189450071215611	0.4	3	1.07871977994119	0.444444444444444
OTU1945	70	106.429031300413	17258	0.129477798606725	0.547412008281574	2	1.45456551280539	0.402857142857143
OTU1954	33	8.61450874122843	234	0.0791435439833092	0.84280303030303	1	0.178628319299153	0.495867768595041
OTU1999	1	0	0	4.16928634177214e-52	0	25	0	0
OTU2086	89	556.583974113769	31701	0.153639899636722	0.470633299284985	2	1.56172313584972	0.507259184446408
OTU2179	5	0	0	4.0849576094543e-07	1	7	0	0
OTU2185	4	193.834289768539	2732	0.000407290203490077	0.333333333333333	3	0.505649896847432	0.375
OTU2198	9	365.542857142857	123671	7.16621975144447e-06	0.611111111111111	7	1.35010548111123	0
OTU2211	2	0	0	2.63603754084765e-07	1	7	-1.01257911083342	0
OTU2224	1	0	0	7.09850710899396e-06	0	3	-0.64048986934008	0
OTU2274	8	356.9	123650	7.03785373860101e-06	0.678571428571429	7	1.01257911083342	0
OTU2279	3	13	13	8.65509565680224e-42	0	5	1.07863874326001	0
OTU2283	10	15.5337251151053	173	0.013014406607432	0.6	1	-0.620498372302322	0.32
OTU2296	1	0	0	0.00266168585906287	0	2	-1.22437506330277	0
OTU2297	1	0	0	0.000387735173527321	0	3	-0.64048986934008	0
OTU2316	1	0	0	0.00118800230062832	0	2	-1.22437506330277	0
OTU2340	103	640.569849256506	41354	0.167379716101278	0.408147725109461	2	1.99035362802703	0.498256197568103
OTU2396	3	0.333333333333333	1	0.002646463151973	0.666666666666667	1	-1.02006171810306	0
OTU2405	71	289.137102175136	17339	0.129525295780753	0.543259557344064	1	1.53714369502166	0.513786947034319
OTU2414	2	0.8	4	0.00116408208778177	0	1	-1.09997438726321	0
OTU2418	2	2	2	5.61298095405124e-46	0	8	1	0
OTU2428	1	0	0	0.000387735173527321	0	3	-0.64048986934008	0
OTU2442	1	0	0	2.49845404564159e-05	0	1	-1.17988705642335	0
OTU2446	2	55.8250529040852	693	0.000132151574308766	0	3	-0.0674199862463242	0
OTU2477	10	0	0	0.0279566302324443	1	2	-0.849323382647625	0.32
OTU2506	27	18.4417389964751	301	0.0548227150077206	0.737891737891738	1	0.258540988459301	0.436213991769547
OTU2536	9	117.593335147872	1647	0.0121801136511524	0.472222222222222	1	-0.70041104146247	0.37037037037037
OTU2538	7	14.3256174995147	741	0.0140650404811536	0.523809523809524	2	-0.956481005691951	0.244897959183674
OTU2541	1	0	0	4.16928634177214e-52	0	13	0	0
OTU2578	1	0	0	4.16928634177214e-52	0	14	0	0
OTU2581	3	0.395833333333333	2	0.000763457677504128	0.666666666666667	1	-1.02006171810306	0
OTU2589	1	0	0	1.99415673248196e-45	0	10	-0.577350269189626	0
OTU2598	3	3	3	5.98247019744587e-45	0	10	1.73205080756888	0
OTU2727	10	2.39296278672731	40	0.02064572725716	0.844444444444444	1	-0.780323710622617	0.48
OTU2753	29	48.9740913602299	1995	0.0502891685565248	0.603448275862069	1	0.0188029809788582	0.494649227110583
OTU2766	18	0.0724009900990099	6	0.0501826998728089	0.986928104575163	2	-0.688586948081135	0.475308641975309
OTU2778	28	165.234697661155	44816	0.0709420552063184	0.838624338624339	2	-0.152798832859503	0.375
OTU2788	1	0	0	1.99415673248196e-45	0	10	-0.577350269189626	0
OTU2828	1	0	0	5.25167957197748e-42	0	5	-0.686406472983644	0
OTU283	1	0	0	0.000121794314525804	0	1	-1.17988705642335	0
OTU284	1	0	0	1.30714247955636e-07	0	7	-1.35010548111123	0
OTU2874	40	29.4428737709006	643	0.0917703342009559	0.744871794871795	1	0.178628319299153	0.495
OTU2912	2	18	18	3.80160677711416e-43	0	4	0.333333333333333	0
OTU3068	1	0	0	4.16928634177214e-52	0	21	0	0
OTU3142	3	0	0	0.00465422249604592	1	1	-1.02006171810306	0
OTU3169	33	47.9359172166956	991	0.0784452847645954	0.814393939393939	1	0.0987156501390057	0.499540863177227
OTU3192	1	0	0	0.00266168585906287	0	2	-1.22437506330277	0
OTU3245	37	543.68913723913	61157	0.0845735801660086	0.702702702702703	2	0.00793760170698718	0.455807158509861
OTU3422	1	0	0	0.000131977495615441	0	3	-0.64048986934008	0
OTU3439	1	0	0	4.14884960748723e-42	0	5	-0.686406472983644	0
OTU3523	6	190	61846	4.08632507364244e-07	0.666666666666667	7	0.337526370277807	0
OTU3536	96	312.658192884732	32611	0.161898010821258	0.441885964912281	2	1.8831960049827	0.481553819444444
OTU3583	2	14	14	3.07470065071468e-43	0	4	0.333333333333333	0
OTU3638	8	2976.36904761905	638747	0.000361344241985074	0.464285714285714	7	0.675052740555614	0.21875
OTU3656	1	0	0	4.16928634177214e-52	0	20	0	0
OTU3671	1	0	0	4.16928634177214e-52	0	19	0	0
OTU373	27	170.348496479873	43870	0.0691806980380079	0.866096866096866	2	-0.206377644381666	0.384087791495199
OTU3748	24	148.736002653359	38103	0.0602901889371104	0.829710144927536	2	-0.367114078948155	0.413194444444444
OTU3764	1	0	0	4.16928634177214e-52	0	18	0	0
OTU3806	62	631.37841368588	11201	0.113353675450004	0.558963511369646	1	1.53714369502166	0.518210197710718
OTU3860	28	60.2014413407435	1961	0.0658972163917586	0.740740740740741	1	-0.300847695661732	0.489795918367347
OTU3984	88	208.801801284673	27818	0.154249149318037	0.482758620689655	2	1.8831960049827	0.449121900826446
OTU3987	27	15.1889712601713	687	0.0527533087965271	0.700854700854701	1	0.0987156501390057	0.46639231824417
OTU3992	98	551.780151375591	41117	0.163924998596528	0.434252051335998	1	1.85679437166225	0.503123698458975
OTU4023	2	190	12659	0.00136577714492375	0	1	-1.09997438726321	0
OTU4049	3	24	24	5.51560743414132e-43	0	4	2	0
OTU4102	1	0	0	4.16928634177214e-52	0	16	0	0
OTU4132	77	428.301410052038	16313	0.135518025022834	0.509911141490089	1	1.9367070408224	0.511384719176927
OTU4214	23	1.66669666106238	58	0.060989654039047	0.905138339920949	2	-0.420692890470319	0.4234404536862
OTU4231	1	0	0	4.16928634177214e-52	0	17	0	0
OTU4282	1	0	0	0.00266168585906287	0	2	-1.22437506330277	0
OTU4304	1	0	0	4.16928634177214e-52	0	23	0	0
OTU4331	26	192.443119239143	11025	0.060887201063177	0.781538461538462	1	-0.0611096881812894	0.488165680473373
OTU438	3	13.4943059249936	666	0.00323195147468004	0.666666666666667	1	-1.02006171810306	0
OTU4387	6	11.7842390099071	141	0.011167367847703	0.733333333333333	1	-0.860236379782765	0.277777777777778
OTU4412	31	4.47552779824655	154	0.0777636970921606	0.866666666666667	1	-0.220935026501584	0.486992715920916
OTU442	86	539.556230266454	24854	0.14628283299549	0.46812585499316	1	2.01661970998255	0.522444564629529
OTU455	80	180.534413663093	17025	0.145699058086243	0.536075949367089	1	1.69696903334196	0.5103125
OTU4589	2	18	18	3.80160677711416e-43	0	4	0.333333333333333	0
OTU4649	23	25.5753148865575	1458	0.0511569567884355	0.810276679841897	2	-0.527850513514645	0.533081285444234
OTU4665	13	451.177338694219	9190	0.0131479873850094	0.371794871794872	1	-0.460673033982027	0.355029585798816
OTU4687	1	0	0	1.23352410520275e-07	0	7	-1.35010548111123	0
OTU4762	1	0	0	4.16928634177214e-52	0	21	0	0
OTU4778	36	511.481414743817	54171	0.0803059104730787	0.693650793650794	2	0.115095224751314	0.401234567901235
OTU4802	7	8.2114105581604	366	0.0066171921261961	0.0476190476190476	2	-0.956481005691951	0.244897959183674
OTU4803	1	0	0	4.16928634177214e-52	0	12	0	0
OTU4815	17	11.6872448266958	169	0.0337778747734716	0.786764705882353	1	-0.220935026501584	0.359861591695502
OTU4838	12	8.260971089556	99	0.0188508739728878	0.712121212121212	1	-0.380760364821879	0.152777777777778
OTU4848	5	199.947779425492	2288	0.00665787275222085	0.4	1	-0.860236379782765	0
OTU4883	22	212.1468521976	7519	0.0464519781794296	0.761904761904762	1	0.0188029809788582	0.396694214876033
OTU5039	26	191.296750027875	13422	0.0649420145546261	0.846153846153846	2	-0.259956455903829	0.393491124260355
OTU5049	2	0	0	0.00262659925371754	1	2	-1.1707962517806	0
OTU5054	23	25.848247538046	1404	0.0552086378916021	0.758893280632411	2	-0.474271701992482	0.453686200378072
OTU5092	12	878.375450594806	18167	0.0211955004380703	0.515151515151515	3	0.505649896847432	0.652777777777778
OTU5128	88	348.06579664779	31347	0.150845906795453	0.458725182863114	1	1.61705636418181	0.496642561983471
OTU5146	31	2.74546979298112	128	0.0792055078153829	0.875268817204301	2	-0.259956455903829	0.474505723204995
OTU5151	81	289.808500198464	25334	0.140016259740249	0.468827160493827	2	1.2938290782389	0.49260783417162
OTU5195	3	190	20641	6.74304590360459e-06	0.333333333333333	7	-0.675052740555614	0
OTU5286	1	0	0	0.00110251602103133	0	2	-1.22437506330277	0
OTU5294	1	0	0	4.14884960748723e-42	0	5	-0.686406472983644	0
OTU5333	1	0	0	4.16928634177214e-52	0	24	0	0
OTU5334	1	0	0	0.00103632800334662	0	1	-1.17988705642335	0
OTU5340	60	150.683862415963	14466	0.108943969987169	0.543502824858757	2	1.18667145519458	0.357777777777778
OTU5455	76	139.527879818042	19351	0.137215261731984	0.513333333333333	2	1.34740788976107	0.458102493074792
OTU5465	101	405.724701665585	37112	0.166487158320754	0.41980198019802	2	1.93677481650486	0.490148024703461
OTU5495	1	0	0	4.16928634177214e-52	0	23	0	0
OTU5497	33	227.494523299942	51194	0.0806523742921654	0.814393939393939	2	-0.0992200213373393	0.444444444444444
OTU5540	1	0	0	4.16928634177214e-52	0	22	0	0
OTU5570	52	75.1412398584282	2637	0.0966525763654433	0.601809954751131	1	1.45723102586151	0.452662721893491
OTU5576	41	19.622839470534	595	0.0938334137232808	0.746341463414634	1	0.178628319299153	0.492563950029744
OTU5638	32	383.945150883756	25516	0.0746350722440391	0.786290322580645	1	0.178628319299153	0.4921875
OTU5649	34	28.0862018480211	403	0.0818342800847477	0.786096256684492	2	-0.152798832859503	0.472318339100346
OTU5653	99	801.418553113008	42304	0.160870399751236	0.410224695938982	1	1.7768817025021	0.485256606468728
OTU5709	32	5.9202852352618	165	0.0782140234634743	0.828629032258065	2	-0.206377644381666	0.46875
OTU5732	31	18.7130181855945	542	0.0741778162977647	0.795698924731183	2	-0.259956455903829	0.474505723204995
OTU5744	16	0.680443477387512	32	0.0419313647587282	0.941666666666667	1	-0.620498372302322	0.5
OTU5765	29	741.402027914839	33512	0.0566507558471734	0.657635467980296	1	0.578191665099891	0.328180737217598
OTU5783	17	577.083587315049	12405	0.027717456127484	0.558823529411765	1	-0.0611096881812894	0.214532871972318
OTU5795	25	55.7059940199136	1989	0.0624336469910527	0.836666666666667	2	-0.206377644381666	0.32
OTU5804	1	0	0	0.00103632800334662	0	1	-1.17988705642335	0
OTU5871	2	190	4046	0.000507212855232792	0	11	0	0
OTU5876	1	0	0	0.00132469296565086	0	6	0	0
OTU589	1	0	0	0.00103632800334662	0	1	-1.17988705642335	0
OTU5890	24	190.854290395996	12959	0.0602689165218976	0.86231884057971	2	-0.206377644381666	0.277777777777778
OTU5924	4	18	18	1.28039452642895e-41	0	5	1.96116135138184	0
OTU5974	35	5.78430154630227	203	0.0857950852658943	0.833613445378151	2	-0.152798832859503	0.48
OTU5979	1	0	0	4.14884960748723e-42	0	5	-0.686406472983644	0
OTU5998	1	0	0	9.87094530627676e-44	0	4	-1.33333333333333	0
OTU6017	1	0	0	2.80453800690263e-42	0	5	-0.686406472983644	0
OTU6042	7	190.4	61844	4.15973401306877e-07	0.666666666666667	7	0.675052740555614	0
OTU6108	1	0	0	9.87094530627676e-44	0	4	-1.33333333333333	0
OTU6195	52	50.8520954397494	8237	0.101637310333532	0.631975867269985	2	0.704462151495109	0.42085798816568
OTU6234	4	191.356173981435	3967	0.00276887398066667	0	2	-1.06363862873628	0
OTU6257	29	190.999028125213	45576	0.071862942865669	0.817733990147783	2	-0.152798832859503	0.399524375743163
OTU6403	87	1361.15617963646	32501	0.145500763530047	0.445068163592622	2	1.66888075889405	0.473246135552913
OTU6602	30	2.97742121675245	130	0.0762039564172195	0.885057471264368	1	-0.220935026501584	0.491111111111111
OTU6622	24	0.850385804695923	49	0.0646141383765965	0.942028985507246	2	-0.367114078948155	0.413194444444444
OTU6749	1	0	0	2.80453800690263e-42	0	5	-0.686406472983644	0
OTU6816	27	348.805767838904	45795	0.0631069764736429	0.706552706552707	2	-0.206377644381666	0.384087791495199
OTU6841	101	953.577472081042	47650	0.162762825366594	0.4	1	1.9367070408224	0.490148024703461
OTU6854	1	0	0	9.27858556529143e-06	0	11	0	0
OTU6880	31	38.3957792316526	1912	0.0752476434124222	0.795698924731183	2	-0.259956455903829	0.474505723204995
OTU6957	2	14	14	3.07470065071468e-43	0	4	0.333333333333333	0
OTU6961	2	8	8	1.79753872958553e-43	0	4	0.333333333333333	0
OTU6994	2	8	8	1.79753872958553e-43	0	4	0.333333333333333	0
OTU7038	17	3125.6669993503	659571	0.0197030461227048	0.00735294117647059	2	-0.420692890470319	0.110726643598616
OTU7075	1	0	0	4.16928634177214e-52	0	18	0	0
OTU7083	37	54.1807801623306	1122	0.0743422928987735	0.714714714714715	1	0.977755010900629	0.368151935719503
OTU7092	12	853.519835528738	13654	0.00721453522229022	0.136363636363636	3	3.37099931231621	0.444444444444444
OTU7139	3	19	19	8.65509565680224e-42	0	5	1.07863874326001	0
OTU718	16	0.107785920063944	6	0.0436523052314175	0.958333333333333	2	-0.527850513514645	0.21875
OTU7248	1	0	0	4.16928634177214e-52	0	26	0	0
OTU7249	2	378	3410	0.00255170888571224	0	9	0	0
OTU7276	1	0	0	4.16928634177214e-52	0	17	0	0
OTU7353	14	120.332463605032	4606	0.0253543907616049	0.648351648351648	1	-0.460673033982027	0.408163265306122
OTU7390	1	0	0	4.16928634177214e-52	0	22	0	0
OTU7394	27	1.70992014550271	74	0.069921320780377	0.911680911680912	2	-0.313535267425992	0.444444444444444
OTU7424	3	0	0	0.00646742503805124	1	2	-1.1707962517806	0.444444444444444
OTU7440	100	391.030821141435	37127	0.165965887833821	0.425454545454545	2	1.93677481650486	0.4878
OTU7449	2	4.01785714285714	10	0.000354791695904345	0	3	-0.64048986934008	0.5
OTU7471	36	6.40521485331881	267	0.0875157513266453	0.815873015873016	2	-0.0992200213373393	0.475308641975309
OTU7503	1	0	0	8.54199935354473e-07	0	9	0	0
OTU7527	95	356.851690231261	36886	0.160622219575845	0.443896976483763	2	1.82961719346054	0.483545706371191
OTU7549	63	103.710811592548	17259	0.109336833006588	0.463901689708141	2	1.13309264367242	0.408163265306122
OTU7644	99	568.803162670962	39192	0.163427205336155	0.421768707482993	2	1.99035362802703	0.487909397000306
OTU7663	1	0	0	0.0014690583137863	0	2	-1.22437506330277	0
OTU7736	1	0	0	4.16928634177214e-52	0	14	0	0
OTU7744	75	142.147940723116	19365	0.136900975427579	0.529009009009009	2	1.24025026671674	0.477511111111111
OTU7765	28	0.873334692001106	53	0.073698217117827	0.947089947089947	2	-0.313535267425992	0.459183673469388
OTU7782	34	6.79622100898347	271	0.0835828993318151	0.841354723707665	2	-0.152798832859503	0.472318339100346
OTU7800	1	0	0	0.00132469296565086	0	6	0	0
OTU7825	2	10.2380952380952	22	9.51599254406227e-06	0	3	-0.0674199862463242	0
OTU7831	26	2.19384439329388	97	0.0666534944338779	0.889230769230769	1	-0.380760364821879	0.488165680473373
OTU7880	1	0	0	4.16928634177214e-52	0	24	0	0
OTU7907	27	9.68401832549025	1974	0.0513822318702869	0.66951566951567	2	0.0615164132291504	0.137174211248285
OTU791	21	176.549468197139	35838	0.0531905770637449	0.795238095238095	2	-0.367114078948155	0.308390022675737
OTU7976	53	83.2479377447199	5905	0.0985707078363447	0.584179970972424	1	0.977755010900629	0.498398006407974
OTU7994	1	0	0	4.16928634177214e-52	0	19	0	0
OTU7997	40	34.2896429942422	694	0.0910925651022866	0.738461538461539	1	0.258540988459301	0.49875
OTU8053	26	155.336486114397	40687	0.0648920172579067	0.836923076923077	2	-0.206377644381666	0.355029585798816
OTU8055	36	36.3591899271652	2294	0.07090422201379	0.685714285714286	1	0.258540988459301	0.523148148148148
OTU8147	1	0	0	5.06517803763822e-05	0	2	-1.22437506330277	0
OTU8174	1	0	0	4.16928634177214e-52	0	25	0	0
OTU8186	1	0	0	0.000131977495615441	0	3	-0.64048986934008	0
OTU8195	45	364.297847582811	6888	0.0821923534670868	0.584848484848485	1	0.897842341740481	0.511604938271605
OTU8199	28	3.53854599719147	111	0.0721979976670187	0.894179894179894	1	-0.300847695661732	0.489795918367347
OTU8275	2	0	0	0.00151406401525453	1	3	-0.64048986934008	0.5
OTU8326	6	46.4319605196728	8460	0.0118935672108015	0.4	2	-1.01005981721411	0.277777777777778
OTU8370	24	133.041923132232	35802	0.0583168407011256	0.822463768115942	2	-0.152798832859503	0.21875
OTU8379	1	0	0	3.46901300780809e-46	0	8	-1	0
OTU8405	1	0	0	1.99415673248196e-45	0	10	-0.577350269189626	0
OTU8418	10	378.769047619048	123704	7.29449208126288e-06	0.555555555555556	7	1.68763185138904	0
OTU8434	31	382.982827302448	26811	0.0724141946618074	0.759139784946237	6	0	0
OTU8446	29	14.7194677411798	3056	0.056457927283639	0.62807881773399	2	0.00793760170698718	0.285374554102259
OTU8453	1	0	0	0.00111382647177533	0	1	-1.17988705642335	0
OTU8476	2	0	0	2.61333099116613e-07	1	7	-1.01257911083342	0
OTU8490	1	0	0	3.46901300780809e-46	0	8	-1	0
OTU8531	2	0	0	0.00160120170233044	1	1	-1.09997438726321	0
OTU8536	1	0	0	4.16928634177214e-52	0	20	0	0
OTU8554	1	0	0	7.47522790698115e-09	0	7	-1.35010548111123	0
OTU8569	2	2	2	5.61298095405124e-46	0	8	1	0
OTU8578	1	0	0	4.16928634177214e-52	0	13	0	0
OTU8583	7	96.8690476190476	20633	7.2696050361694e-06	0.619047619047619	7	0.675052740555614	0
OTU8603	7	17.5941427768965	239	0.00362898192494594	0.0476190476190476	2	-0.902902194169788	0
OTU8649	2	2.45685423619309	101	0.00294255483093619	0	3	-0.64048986934008	0.5
OTU8657	42	735.890613864835	40073	0.0808716414637541	0.605110336817654	1	0.578191665099891	0.549886621315193
OTU8658	6	15.244373024227	418	0.00698366291642144	0.6	1	-0.780323710622617	0
OTU8678	56	156.829656965092	5463	0.102607025414014	0.586363636363636	1	1.69696903334196	0.459821428571428
OTU8689	1	0	0	0.00266168585906287	0	2	-1.22437506330277	0
OTU8700	81	747.264977044093	29008	0.139442189683947	0.469135802469136	2	1.77603838193837	0.430727023319616
OTU8741	1	0	0	4.16928634177214e-52	0	15	0	0
OTU8751	2	190	1706	4.66947451366627e-05	0	9	0	0
OTU8804	56	394.286407481324	15035	0.111561702844135	0.654545454545455	1	0.578191665099891	0.524234693877551
OTU8828	3	3.83428976853899	25	0.000407153906264953	0.666666666666667	3	-0.0674199862463242	0.444444444444444
OTU8829	1	0	0	2.44090678342664e-43	0	4	-1.33333333333333	0
OTU8862	18	0.760343641568221	22	0.0470190518645897	0.888888888888889	2	-0.527850513514645	0.345679012345679
OTU8876	72	602.151092303699	13805	0.120486841470277	0.470657276995305	1	2.01661970998255	0.490354938271605
OTU8907	32	220.76905161421	48162	0.0769005957920947	0.790322580645161	2	-0.0456412098151761	0.404296875
OTU8976	1	0	0	4.16928634177214e-52	0	12	0	0
OTU8995	1	0	0	4.16928634177214e-52	0	16	0	0
OTU994	1	0	0	7.45067275867687e-06	0	3	-0.64048986934008	0
