OTU100	2	1			3		2			2		2	2	1	5	4		1	3	3
OTU1006	1			2			3			1	1	2	1	1	7	2	2	1	7	2
OTU1012	2	2	1					1			2	1		1	1	2		1	2	
OTU1013	3	4	2	2	5		1	3	4	4		7		3	2	3			4	3
OTU1024	2				1	1	1	1		1	1				5				1	1
OTU1028	12	7	14	6	18	4	6	6	16	14	11	24		11	12	9	3	9	10	16
OTU1029			4	3		1	1	2	1	2		1		1	2	1	1			1
OTU103	7	17	4	9	22	4	12	9	10	9	8	15	3	10	34	6	7	9	23	20
OTU1030	3		2	3	3	1	11	5	6	3	2	5	2	3	1	3		3	8	8
OTU1036	4	5	3	6	5		12	5	2	3	4	8			3	4	1	6	4	7
OTU1039	3			2	1		1		1	1	2	1						1	1	
OTU104	2	1					1	2	1		2	1						1	1	1
OTU1043	2	1				1	1			1				1	2		1	1		1
OTU1051	2	2	1	2	1	1	1	1	2	2		1		1	3	2		3	3	3
OTU1052	4		3	2		1		1	1	5	6	4		1	1	1		2		
OTU1067	3	2	1	5		2	2	9	1			2		1	12	2			3	4
OTU107	2	1	1		1	2			1	1	1		1		1		1	1	4	
OTU1080	126	311	103	236	146	181	272	169	64	115	148	134	107	166	116	146	156	162	120	160
OTU1082	2	2	2	1		2	4	3			3					2		2	1	
OTU1097	2		1			1		2	1		2	1				1			1	1
OTU1099	6	7	2	3	18	10	10	3	5	4	4	10		4	9	8	2	10	8	3
OTU110	6876	2474	7367	3117	2757	6002	2542	3308	4545	2926	3645	2343	3833	3464	259	1260	2593	1655	596	1295
OTU1108	1040	1193	1214	885	462	1365	807	728	1011	1432	1090	1113	2059	1294	41	1890	3016	1090	115	937
OTU1109	3	2	1	2	2			3	2	3		4			2		1	2	2	5
OTU1111	1		1		1		2			2	2	1		1	2		1		4	1
OTU1115	3	2	1	1	3			3		3	1	1						2		1
OTU1117		1	2	1	10		2	5	2	2	8	11		2	1	4		1	3	2
OTU1119	38	34	42	19	67	25	39	45	35	46	61	47	7	33	42	29	16	24	49	44
OTU1120	5	7	9	10	16	4	11	13	5	5	18	8	3	16	7	12	3	8	16	23
OTU1121	5		2	4	2	1	2	2	1	4	1		2	1	1	1	1	3		
OTU1122			2		6	2	1	2	1	4	2	5	1	3	1			1		3
OTU1123	4	3	3	1	5	1	1	4	3	6	6	4		1	7			2	8	7
OTU1124	1	2	3	2	5	2	3	3	2	5	5	7	1	1	4	3	4	1	3	2
OTU113		1				1	1		2	3		1		1	2	2		1		1
OTU1133	5	2	1	1			2	2		1		1	1	2	4	2		4	2	5
OTU1136	3		5	2	9	3	3	2	4	4	9	3		3	2	2			4	3
OTU114	1		2	2	3	1	1			2		3	1			1			2	1
OTU1156	5	1	2		5	1	2	4	1	4	1	8			2	1	2	1	3	3
OTU1164	1		1	2		1	1		1	2	2			1	1					1
OTU118		1					1	1	1	1		3		3	3			2		3
OTU1181		2	4		1	1		1	2	2	5	3	1	5	1	4	1		1	4
OTU1186			2	1	2	1			2	2		1		1		1	1	1	1	
OTU1189	22	17	21	16	27	10	24	27	22	24	21	20	5	12	19	28	4	41	29	27
OTU1209		1	2		4		2				3	2		1	1		1	1	1	
OTU1225	6	6	9	4	23	3	16	8	5	14	8	15	1	2	17	5	2	14	13	14
OTU1234	2	2	2	4	12	2	3	4	2	3	2	5		4	3	4		2	9	3
OTU1235	2	1	2	1				2	3	1	2	6		1	1	1			1	1
OTU1239	3		1		1		3		3	5	3	2		1	1			2	1	2
OTU1243	2	4	2	1	7	2	2	1	3	1	4	11		2	2	2	1		3	1
OTU1247	2	5	2	2	1	4	2		1		4				1	2		1	5	
OTU1248	2			1	1		2		3	2	1	1		3	1	1			4	3
OTU1249	3		1			1			3	2	1	2	1	1		1	2	2	5	1
OTU1255			1	3	1	1	1	3	3	1		3	1	3	11	1		1	6	
OTU1259		1	1	1	3		4		1			1	1	2		1	1		4	4
OTU1268	1		2	1		1					1	1	1		1			1	1	1
OTU1269	2	2	1	2	4	1			2	2	1	3	2	1	5	2		1	8	4
OTU1272	2				1	1	2	2	4			2			3	1		1		
OTU1276	3	1	1	1			1	2	2	2	2	2			2	1		2	1	3
OTU1280	9	15	9	12	21	13	12	14	15	10	9	10	3	12	22	17	5	18	16	27
OTU1282	2	1	3	5	1	3	2	2		5	5	4		2	8	7		3	11	9
OTU1283	4		1	2	2		1			1	1	1	1	2	3			4	2	
OTU1285	3		3	2	8	2	3	2	2	2	4	23	4	2	9	9	1	2	14	11
OTU1287	4	1	2	2	2	1	3	3		2	1	2		1	7	4		2	4	3
OTU1288	3		1	1	4		5	1	1	1	1	2		4	5	4		5	3	5
OTU1290	2			1		2		4		1	2	1		1		1			2	
OTU1296		1	1			2	1	2	1	1	3	3		2	1				1	3
OTU1297		1	2		4	2					1	1		2	1	1		1	1	
OTU1300	2		2		1	1	2	1	2		5	2		1	2	3		2	1	3
OTU1301	13	6	8	8	6	4	14	41	6	11	21	22	11	13	7	5	4	14	9	23
OTU1304	2	7	2	1						7		6	1	3	2	1		1	2	
OTU1305	12	6	6	3	9	14	4	5	18	13	16	8	15	5		9	21	4		6
OTU1306	5	1	6	7	10	3	6	2	8	4	10	4	2	2	3	2		2	6	4
OTU1307	40	195	25	76	54	61	36	210	211	40	43	64	322	69	48	94	174	21	50	16
OTU1309		1	1	1				1			2	1		1	1	1		3	3	3
OTU1310	1	1		1			1	3		3	1	3	1	2	5	5		4	5	1
OTU1314	8	4	5	5	4	2	6	2	3	7	8	5		3	3	1	1	6	8	1
OTU1316	8	1		2		2	4		1		2			1	6	3		6	4	
OTU1318	5	1			4	3	3	3	2		3			1					9	1
OTU1319	10	10	10	8	10	3	7	5	7	14	15	10	2	10	5	8	3	7	17	8
OTU1321	16	20	14	34	24	8	30	18	9	21	23	24	5	12	33	26	12	30	32	40
OTU1330	1	1	3	1	6		1	1	1	2		2		2	3		1	4	2	1
OTU1332		4		2	1		3	1	4	7	3	8	1	1	8	3	2	2	21	2
OTU1336	2	3		1	4	4	2	4	2	6	3	5	2	2		1	1	1	6	
OTU1337	1	2	1	2	2		2	2	1		1	1			2			1		4
OTU1339	18	13	7	13	4	12	12	25	15	13	15	6	16	11	3	17	19	14	9	29
OTU1345	578	734	340	645	500	949	405	661	1548	578	391	552	1658	630	95	732	1593	240	201	303
OTU1357	1	4	2		2	3	3	2	4	6	2			2		1		1	3	
OTU1365	13	12	8	5	17	4	11		11	8	12	8	1	9	17	17	3	11	27	11
OTU1372	5	6	5	1	12	4	6	8	4	7	4	13	1	6	11	16	7	11	15	13
OTU1380	3	1	1	2	2	10		3		5	1	3		5	4	2			1	2
OTU1382	15	17	14	14	15	28	22	23	46	27	24	37	105	17	3	20	46	5	2	7
OTU1385	4	1		1	1	2	4	1		1		1		1	9	1	1		11	2
OTU1386	3	1	2				1	3	2		3		2	3		1	4	1		1
OTU1388	2		1	1	2	1	3	5	2	3	2	3		1	1	2			2	2
OTU1392	4	4		2	1	3	1	3	5	2		2	30	4	6	2	19		1	3
OTU1393	2	3	2	1	2	3	2	2	5	3	3	4		9	1	4		1	3	1
OTU1396	1	1	1			1	2		2		1	3				1	1			
OTU1402	24	35	27	25	27	12	36	51	18	28	30	38	11	26	41	50	8	50	40	57
OTU1407	2	2	2	2	1		3	3		3	1		1		3	2	1	1	1	1
OTU1412	1		2		1		2	1		2	2	3	2		1	2		1	2	1
OTU1422		1	1	2	3	3	5		2	2	1	1		1	1	2	1		4	6
OTU1423	1	1	3	3	4	3		2	1	1	3	3	2	1	7	4	1	1	8	3
OTU1425	33	29	29	34	72	28	75	58	37	34	56	44	6	36	67	67	3	46	50	85
OTU1428			3	3		2	1	2		1		6			3	7	1	2	7	6
OTU1429		1	1		2			2	1		1	1				3			1	2
OTU143	1		2	3	1	1	2			3		1		3			1	4	2	1
OTU1430	1	1	2	1		1	1	4	2	1	3	4	1	2	4	4	1	8	7	6
OTU1431		2	2		1			3	2	1	2	2	1	3	8	5	2	1	4	3
OTU1432	1		1	2			2				1	1	1	1				1		1
OTU1433		1		2	1		1			1				1	1	1			1	1
OTU1435		2	5	1	4				2	3	4			3	4	1		1		2
OTU1436		2		1	1						1			2	1	2		1	2	3
OTU1446	1	1		1		1	1			3	4		1	2	2	1			3	1
OTU1449			1	2		2	3				1	1			1	3		3		1
OTU1452	48	31	33	36	61	37	61	37	50	37	46	61	4	19	76	60	11	108	81	116
OTU1457	1			1		1			1	1	2		2	1		1	2		1	2
OTU1460	1				2		2	2		1	1	1	1		1				1	
OTU1462	1	1	1	3			1		2	1		2				1	1			2
OTU1463	6	7	8	4	10	5	7	9	4	7	10	18		14	9	3	2	8	6	9
OTU1464	4	7	3	6	15	8	16	4	8	13	8	22	1	8	28	19		13	32	28
OTU1465	8		5	1	3	5	15	1	6	2	3	6	1	1	15	8		7	5	6
OTU1474	1		2	1	1		3	2			2	3	1	1				2	2	2
OTU1477	6	1	1	1		1	6	5		4	1	5	1	1	5	1	1	7	3	6
OTU1479		5	4		1	1	2	4	2	2	4	11		4	8	4	2	6		3
OTU1480	6	7	3	4	5	4	10	3	2	8	10	6	2	5	4			6	9	6
OTU1481	2	3	2	2		1	3	3		1	2	1		2	4	6	2	3	3	3
OTU1482	1	2	1	2	2	1		3	1	1	2	3		4	5	4	1	2	5	4
OTU1486		3		2	1			1		3	1		1		11	5		1	1	1
OTU149	2					1		1		2	1	1			1	1			1	1
OTU1504	6	3	2		2		1	3	1	2	2	7	1	2	3	4	2	4	7	6
OTU1505		1			1	4					1	2		1	4	3			1	3
OTU1507		2	1	3	3	1	3	1	1	1	1	1		3	7	3		2	4	4
OTU1508	34	44	28	21	34	26	35	20	22	39	30	36	2	42	30	35	9	25	27	34
OTU1509	1	1	1	4			2	5	2	1	6	9	2	4	4	1		1	4	3
OTU1510	2	2	1					1	3	1	4	1	1	1	1	1	1	1	1	1
OTU1513	5	8	7	12	6	5	14	9	2	4	6	9	1	12	23	15	7	18	23	25
OTU1516	1		1	1		1	1	3	1	3		3			2	1			5	1
OTU1525		4	1	1	3	1	5	7	3	4	3	6	2	1	6	5	1	6	5	8
OTU1530		1		1			3	1		1		1	2		2	1	2	1	5	
OTU1537	1		2	1	3	1	2	1	1	6	2	2		2	3	1			1	5
OTU1540	1	2	8	2	9	3	6	1	3	3	8	7	1	4	11	11	2	7	14	11
OTU1546	17	9	13	5	11	9	9	8	12	17	18	12	3	13	10	15	5	26	26	31
OTU1548	1	1	3		11		1	1	4	3	3	1	1	1	4	2	1	4	3	7
OTU1551				2	1	1		2	1		1			1	2		1	4		1
OTU1554	6	4	1	1	1	3	3	2	1	1	1	3			5	3	1	7	7	2
OTU1556	1	4		1	1	1	1	1			2	1		2		2	1		2	1
OTU1557	11	8	13	15	12	12	21	16	13	14	18	19	1	19	41	17	3	30	25	36
OTU1570		3	1		5	1	1	1			1	2		1	2			1	1	1
OTU1577	3	3	3		7	4	11	7	5	7	7	6	1	5	6	6		4	6	6
OTU1605	317	188	250	195	490	199	270	163	241	323	405	302	77	303	385	417	108	349	484	419
OTU1621	13	16	20	18	26	14	25	13	19	17	22	42	2	24	32	24	6	20	33	14
OTU1636	2	1	1	1	3	1	2	1	1	1	4			2	4	1		7	1	1
OTU1638		2	1		2		1	1		1	1	1		1		1			1	
OTU1639	3	1	1	1		1	2	1	2	4		2		2	2				2	1
OTU1642	4	2	2	4	5	3	6	6	4	2	4	7		1	3	1		2	6	3
OTU1644		1	1				1	2	3	3	6			2	4				6	
OTU1645	5	4	2	6	2	3	6	6	3	7	3	9		3	4	4	1	5	8	11
OTU1649	1	2		1	1		2	1			2	3		1	3	1		2	3	1
OTU1655		2	1		2				2	2	1	1		1	1		1		1	1
OTU1660	1	3	3	1	3	1	3	5	4	4	1	8	1		3	1		2	5	3
OTU1661	8	5	6	3	9	3	12	7	4	7	2	7		9	4	15	3	12	9	18
OTU1664	3	2	1	2	1	1	3	1	1	2	3	5	2	1					1	
OTU1665		1			2		2	4		1		1	2	2	3	4			6	6
OTU1666	1	1		2	3	1	1	2		1	2	5		1	3			1	2	4
OTU1667	1		3		2	1	2	3	1	4	2	2		2	2	3	1	1	2	6
OTU1675	16	16	12	18	38	5	32	28	14	25	16	25	3	26	29	33	5	29	31	42
OTU1677	22	42	35	42	54	15	64	47	19	20	37	34	13	38	55	53	22	61	44	78
OTU1680	1	5	2	2	3		5	4	7	5	3	7	2	2	1	1	1	3	5	6
OTU1683	3	3	1	4	3		4		2	1	3	3		1	5		1			3
OTU1684		2	1	2	2	2	1	2	2	2		1		2		1	1	2	2	2
OTU1685	10		6	1	4	9	9	3	3	11	5	2	1	5	2	6			3	10
OTU1686		2	1	1			2	6	1		3				2	1		1	2	2
OTU1687	8	3	3	1	7	3	4	6	1	4	2	4	2	5	2	8		3		6
OTU1688		1	1	1			5	1		1		1			1	6	1	1	4	3
OTU1689	2		5		3	2	2	3		2	3	1		1	1		1	1	2	6
OTU1693	7	10	4	3	5	3	2	1	4	8	8	5		5	5	6	2	7	6	6
OTU1694	11	36	16	15	30	16	35	18	11	16	18	21	7	19	41	24	16	33	44	23
OTU1697	2	3			4		1	1		5	1		1	2	8	1			10	1
OTU1699	4	5	1		2		2	1	1	2	2	3			2			3	2	2
OTU1700	2	3		6	7	1	5	2	1	1	3	3	3		5	2	1	4	3	6
OTU1704		4	4		6	3	1	4	3	6	3	2	5	1	19	1	2	8	10	7
OTU1705	1		1	1	1		2					3		3	1	5			1	
OTU1707	4	5	6	1	7	2	2	3	8	6	4	11	3	1	6	3	3	5	7	8
OTU1708	1	4			1	1	2	1	1	1		1	1	3	2	2		7	3	3
OTU1709		3	2		1			1		2	4			2				1	1	2
OTU1711	2	1	2	2		1	1		1	3	6	2	1	1	3	1		1	1	3
OTU1715	2	2		2		2	1	1			4	1			3	2		5		1
OTU1717	2	2	1	3	2		2	2		2	4	2		2	4	1		2	3	2
OTU1718	5	3	1	2	2	1	4	2		7	3	11	1		1			1	3	3
OTU1722			3	4	2		1	2	2	2	2	3		5	2	1				4
OTU1723		9	6	1	4	4	6	4	4	1	1	6			16	5	1	3	7	5
OTU1724	2		1	2	1	1	1	5	3	2		2		1		1		1		1
OTU1727	3	4	3		1		1			3	2	2			3	2				2
OTU1728		1	1		1	1	1		1	2					2	1		1		1
OTU1729	1	1			1		3	7		5	4	2		2	1			1	2	3
OTU1730	1	2	2	4				3	1	2		1		1	2	1				1
OTU1733	2	2				1				1	2	1		2	2				1	2
OTU1736	2	3	4	1	3	3	3		1	4	3	3	1	4	2	1			3	1
OTU1743		1	1			3		1		3	1	4		2	1	1		1	1	
OTU1744	1	1		1	1		1	2	2		1	3		3	2	2	1	1	3	1
OTU1745		1		1	1	4				1		1			1	1			1	3
OTU1748		1		1	3		4	1	1		1	2	1	3	4	3		1	3	2
OTU1752	5	2	1	2	3		2		1	1	1	2	1	1	3	2	1	1	4	2
OTU1756	2	3	2	5	1	6	5	5	2	12	3	6		4	7	3	1	4	7	3
OTU1760	7	9	3	14	15		7	8	1	3	6	5	2	8	24	8	1	12	13	15
OTU1770	1	3	1	2		1			3	1	1	1		2	1	3		2	4	1
OTU1772	2		2	2	1		3	1	1	2	1	1			1			2	1	1
OTU1778	2	1	1			1	1		1		1	3				2			4	1
OTU1781	8	4	1	4	6		7	3	2	8	7	3	1	5	5	1			4	3
OTU1786	1	1	3		1				2	2	2	3						2	3	1
OTU179				3	1	3	4	1	7	1		3		2	1	1		1	3	
OTU1799	2	2		2	2	2	5		4	2	1	3		2	1	1		2	1	3
OTU1804	1	2	2		1	3	3	1				2		1	3	1	1	2	2	
OTU1810	1	4	2	3	7	3	5	3	7	3	4	8		3	4	7		4	5	6
OTU1827	2	3	1	3	4	1	1	2	3	1	3	2		1	3		2	4	2	1
OTU184	1		1		1			1	3		2	1		2			1		1	2
OTU1852	2	2	2	1	1		1	2	3	1		1		1	4	2		1	2	
OTU1853		3	1						4	4	1	4	2	2	3	2	2	2	10	1
OTU186		1	1	1		1			1	2	2			2	5	1		4		1
OTU1862		1	1	1	1			2	2	2	2	1				1	1		1	
OTU1868		2	2		1					1			2	3		1		2	1	1
OTU1874	102	71	88	64	123	45	96	91	70	86	119	121	25	101	83	98	35	116	123	132
OTU1880		2	3	1			2	2		2			1	1	1	1	2	1	1	3
OTU1889	1	2	2	4	2	1	4	3	4	1	5	10		3		2	1	7	6	3
OTU1897	1	1	1	1			1		1		2	7		2	2			2	1	2
OTU1898	11	13	3	9	18	5	18	15	8	12	7	8	4	5	29	16	4	18	26	13
OTU1905	7	3	1	2		1	4	1	1			1			8	4	1	5	3	
OTU1917	2	2	1		1	2	1	1	1		2	1		2	3		2		1	4
OTU1920	5	5	3	5	8	5	6	4	5	5	7	7	5	8	8	3	2	7	12	10
OTU1925	2	3	3	3	5		1				2	1		1	2			1	4	1
OTU1933	3		2	1	3	1		2	2	2	1	1			1					
OTU1936	178	155	233	121	292	118	168	178	154	223	234	190	34	177	132	166	61	181	232	276
OTU1938	3	2	9	1	5	5	7	5	4	8	3	3	3	6	9	5	2	8	9	3
OTU1941	1		2	1	5	2	5		1	3	1	6			7	7		2	2	2
OTU1945	8	21	14	27	19	11	30	23	7	16	19	34	8	16	40	34	8	29	29	35
OTU1954	7	9	11	12	8	5	15	2	7	9	11	28	1	7	14	15	1	15	5	17
OTU1967		1	2	1	1		1	1			1	1		1	1				1	
OTU1974	3	1	1		1		2		2	2	1			2	3	1				1
OTU1975	1	1	1	1	1	1			2	1		1			2	1			1	3
OTU1995				1			1				1	1	1	2	4	2	1	2	7	
OTU1999	75	63	121	72	71	34	70	153	46	69	68	86	33	81	93	50	37	102	94	92
OTU2000		3	4	7	4	1	6	2		6	4	3		3	11	9	2	7	15	10
OTU2031		2		6	1	1		2	1	3	2			1		4		2	2	1
OTU2033	10	3	2	2	1	2	1	1		3	5	3		3	3	1		4	4	
OTU2036	7	4	8	4	9	2	4	1	2	4	7	5	3	4	6	6		2	8	4
OTU2064	5	4		5	6	3	4	2	5	1	1	5		5	17	8	2	8	8	1
OTU2086	123	155	97	164	234	100	222	142	108	166	139	150	44	153	297	222	61	258	260	344
OTU2089			1	1	1				2		3		1		1	1			2	1
OTU2108		1	4	4	3		1	1	1	1	2	8	1		2		1		3	4
OTU2109	1	1	2	1	1		3				1		1	1	1	1	1	2		4
OTU2117	4	1	2	2	3	2	1	3	1	3	1	4			4	3	2	2	2	1
OTU212		2	7	1		2				2	5	4		3	1	2		1	3	1
OTU2121			1	2	6	2	4	4	4	1	3	1		1	5	7		8	2	5
OTU2141	11	15	12	22	22	7	26	12	7	9	14	12	3	10	33	21	6	28	14	18
OTU2143	2	1			2	1					1			1		1	1	2	1	
OTU2152	1				4		2	1	1	1			1	3	3	2		2	1	1
OTU2158		1	5	2	2		1	2	2	3	1		1	1	3	1		1	5	
OTU2174	1	3	2		6		2	2	2	5	2	7		2		4	1	1	4	3
OTU2175	2	2		1	4	2						4		1	2	7	1	2	5	2
OTU2177		3	2		1	1		1	1	2	1	1	1	3		2	1	2	1	3
OTU2178	1		2	3		2	1	1	2	4	3	1		1	1	1		1	4	2
OTU2179	516	628	658	945	648	670	534	1174	794	593	708	341	948	929	87	213	623	319	166	166
OTU2180	2	1	4	5	2		6		1	2	2	3		1	3		1	2	3	2
OTU2183	3	3	5	2	3	2	4	2	5	8	6	4		4	7	5	2	5	9	3
OTU2185	5	8	4	5	8	4	5	6	5	5	7	12	1	2	5	6	2	4	8	3
OTU2189	2	2					2	1		1	3	1	1	2	7	1		4	7	1
OTU2190	2				2	2			1	1	1	1			3			1	2	
OTU2193			2	1	1	2	1	1				2		2				1	1	1
OTU2197		3		2		4	1	1	2	3	1	1								1
OTU2198	402	613	649	1092	562	528	469	1325	580	486	754	206	657	1044	26	173	466	257	56	173
OTU2211	149	119	94	114	191	198	140	150	221	157	104	147	109	111	89	36	116	66	227	16
OTU2214		3	5	3	1	4	2	1	2	2	1	2	1	2	2	2		2	4	1
OTU2224	7	17	8	12	10	7	25	17	11	11	7	14	4	20	19	20	8	21	20	30
OTU2229		2			2	2		2	2	1		2			1	1		1	3	
OTU2231	2	1	2	1	1	2	2	1	4	1	1	2			8	1	1		5	2
OTU2235		1		1	1	3	1	1		1		2			3	2		6	1	2
OTU2251	6	8	1	3	1	5	5	14	32	9	14	4	24	4		3	3	2	1	1
OTU2252	2	4	5	1	6	2	2	2	2	1	6	2	1	2	6	3	2	1	13	7
OTU2254	2	1		1	1		2		1			3	1		2	1			4	3
OTU2262	4	14	12	2	6	9	6	5	9	15	14	16	2	15	10	7	5	5	9	6
OTU2264	1	1		1		1	3		2	2	3	1				1	2	1	2	1
OTU2268		2					1	1			3	2	1	1	5	1	1	4	4	
OTU2273	7	1		1	2	7	1	4	4	9	2	2		3	4	2	1	2	2	1
OTU2274	148	169	131	254	127	230	108	212	243	132	177	67	289	236	17	84	213	94	41	102
OTU2275	1	3	1		3		3	3			1				1	3		2	1	3
OTU2276	1	7	1	4	19	8	8	1	7	14	9	21	3	2	10	8	2	2	18	8
OTU2277	7	6	4	3	11	4	5	8	4	7	6	10	3	8	5	7	1	9	6	7
OTU2278	3	4	2	6	7	7	5	5	3	3	3	5	1	7	7	8	2	3	10	9
OTU2279	1	1		3	2	4		1		3		1		1	5	1	1	1	1	
OTU2283	59	100	80	74	62	88	74	97	46	144	103	132	19	121	108	86	27	91	103	131
OTU2284			1	1	3	4	1	1	2	2	3	1		1	1	2			2	4
OTU2285	9	3	5	3	5	2	7	4	2	7	8	8		2	7	5		5	7	7
OTU2288	2	3	1	1		1		1		2	1			1	1	1	2	1	2	2
OTU2289	1	1			1		2			3		1		1	1		1	2	1	2
OTU2293		1	3	5	2	2		2	11	5	5	5		8	7	3	4	1	5	1
OTU2294		2	2	2	2	3	3	1	1	2	1	1		5	9	1	1	1	2	3
OTU2296	3	8	1	3	4	1	10	8	2	3	3	4	2	7	12	5	6	7	4	3
OTU2297	21	7	4	7	14	7	14	10	4	18	17	15		6	15	9	1	9	11	18
OTU2302	3		1	1	1	1		2	2		1	2	2	3	1			1		
OTU2315	5	5	1	3	3	3	5	1	4	5	5	3	1	2	4	1	1	1	3	2
OTU2316	2	8	4	5	11	3	8	6	3	4	4	3	2	5	5	4	2	6	2	6
OTU2318		2			4	1	2	1	2		1	1		1	1	2	1	2	4	4
OTU2340	169	167	119	188	287	85	268	179	115	126	175	167	66	171	268	235	99	258	228	344
OTU2344	1	2			2		1	2	1	1	1	2		1	1	3				
OTU2351	7	8	10	5	7	6	11	3	1	15	10	13	5	12	8	27	5	17	9	21
OTU2354	1			1			1	1		1	1			2		1			2	1
OTU2382		1			2				1	2	1	1		4	1	2		5	1	1
OTU2388		1	1	3	2		1		1	1	5	4		2	2	1		5	4	3
OTU2391		2			2		3		1			1		1			1	1	1	4
OTU2392		1	2	1			2	3	1		1			1	2	4		3	3	3
OTU2393	2			1	4	1	5	1	2	2	1	1		1	6	7		7	9	2
OTU2395	1		2	1	3	1	2	1	2			1		1	1	1	1	4	6	7
OTU2396	13	12	20	16	17	11	24	17	15	19	17	12	3	15	28	29	3	31	30	25
OTU2400	3	3	2	1		1	3	3	8	1	5	3		2	1	3	1	1	2	3
OTU2402	2	2	2					1	1	2		1	1	1	4	1	1	3	3	2
OTU2404	1			1	1	4	4	2			1		1	2	2	4		1	6	1
OTU2405	62	63	56	75	75	45	126	30	23	67	52	72	13	73	75	85	51	98	92	122
OTU2414	8	8	10	10	8	8	9	11	6	18	13	8	1	4	20	12	2	7	12	29
OTU2415	1	1	1	1	2		1			1	1	1		1	4			2	4	2
OTU2416	11	11	9	3	9	6	13	7	8	15	8	7	4	14	13	4	2	15	12	14
OTU2418	4	5	7	3	10	4	7	11	6	8	5	10	2	7	1	6	1	8	12	6
OTU2419	3	2	5	1	3	3	2	5		4	2	3	2	4	3	2	1	3	1	3
OTU242	20	24	22	31	33	28	30	29	15	23	31	14	12	20	2	6	6	9	2	9
OTU2420	2	2	2	4	2		5	4	2	1	3	4		1	5	2		13	5	3
OTU2421	4	7	18	9	14	11	14	8	9	14	8	10	2	9	9	14	3	4	18	9
OTU2422	3	2	1	2	2	1	1	1	1	2	4				3		1	3	1	
OTU2427		2	2	3	6		5	3	4	4		2		2	25	6		10	15	5
OTU2428	3	3	5	3	3		3	2	3	4	1	4	2	4	6	2	2	6	6	10
OTU2430	4	13	8	13	7	6	15	5	4	7	6	10	3	6	4	3	3	10	5	4
OTU2433				1	2	1	1	2		2	1	3		1	3	1		3	3	3
OTU2437	2	1	1	1	6	1	3	1		6	1	3	1	1	1	3		3		5
OTU244	11	11	32	9	7	2	11	44	9	15	25	13	3	16	18	5	7	16	11	9
OTU2441	4	1	2		1	1	2	1	1	3	3	2		2	4			3	4	5
OTU2442	22	26	30	19	46	36	28	28	21	32	31	46	1	26	20	20	14	22	27	28
OTU2443		3		2	1		1	1	1	1	5	1	1		1	1	5	2	3	1
OTU2445		1			1	1	1			1	1		1	3	1				2	
OTU2446	6	7	5	5	8	4	9	6	1	15	6	5	2	8	8	8	2	5	9	19
OTU2448		1	2	1	1		2	2	4	1	1	1		1	1	1	2			3
OTU2453		1	3	3	2		5			5	1	1	2	1	3	4	1	7	4	1
OTU2461	2	2	3	4	5	2	6	3			3	2	1		4	4		5	7	4
OTU2463	3	9	4	16	2	5	10	3	1	15	6	6	4	12	19	2	5	9	15	5
OTU2466	2	2		2	3	1	2	1	1	3	5	1	1	1	2	3		2	1	2
OTU2470	6	2	6	4	3	1	11	9	2	9		3	1	9	6	5	1	7	7	2
OTU2477		5	3	5	9	2	6	5	5	5	2	6		3	13	10	1	12	9	15
OTU2479	2		3		4			2	1	1	1	1		2		1	2	1	1	1
OTU2480	1	6		1	1		7	2		3	1	1	1		1	2	2	2	1	2
OTU2481	3	4	6	1	9	2	5	2	3	6	7	6		2	4	4		8	3	5
OTU2482	2		1	1	1			2	1			1		1	6	1	2		2	
OTU2487	5	2		1	1		3	3	2	4	2	2		1	3	4		3	4	11
OTU25	1	1						1	1	1		1		1		1			2	1
OTU250	7	9	7	6	21	5	12	21	11	15	22	19		16	29	14	2	20	22	23
OTU2502	1		2	3	7	3	4	6	3	4	6	2	2		6	6	1	4	8	3
OTU2504			2		1	2	2	1	1	2	3	1		5	2	1			3	3
OTU2506	35	40	17	30	58	35	43	29	26	33	45	52	10	26	86	57	10	77	81	62
OTU2519	4		1	1	5	3	1	2		1	2	4		3						3
OTU2535				1	2	3		1		1	1	3		1				1		1
OTU2536	26	29	19	25	30	19	20	22	15	38	25	38	8	39	29	47	14	41	36	62
OTU2537	20	18	19	21	34	12	22	23	12	34	29	23	2	10	25	23	4	51	31	22
OTU2538	10	4	6	8	12	3	5	5	4	7	11	9	2	7	12	9	2	7	14	19
OTU2540			1		3	2			2		1			1	1	1		1	1	
OTU2541	18	4	20	5	20	4	11	7	11	17	20	13	1	12	4	4	5	5	6	11
OTU2549	3	1	2	2	5	2		6	2	5	1	6	1	4	2	2		4	1	1
OTU2550	19	6	11	7	20	13	8	12	17	13	10	18	3	13	7	18	1	4	3	10
OTU2558	2	4	2	2				4	3		3	1			1			4	1	1
OTU2559	1	1	1	2	1	2	3		2		1			3	2	2	1	1	1	2
OTU256		1				1					1	2	1		1	1		1	1	1
OTU2561	6	8	3	8	12	5	11	11	2	8	9	9	2	8	11	7	4	8	15	9
OTU2574	3		2		3	2	1	1	1	1	1			1	1	1		2		2
OTU2575	7	5	4	3	5	3	6	3			5	7	1		7	10		5	5	11
OTU2578	2	1	1	1	1	3	9	3	2	9	3	4	2	1	1	1			6	2
OTU2580	4	6	4	1	10	3	2	5	3	6	8	5	3	2	2	4	3	5	6	1
OTU2581	18	21	22	16	21	10	20	13	7	14	17	12	2	5	18	20	5	38	15	28
OTU2582	4	1	2	1	1	1	2	3	1	1	3	4			16	4	1	2	3	1
OTU2583	1				4		1	2	1	2	1	5			3			1	8	1
OTU2589	14	14	8	9	26	13	13	11	14	10	19	21	3	8	53	21	3	32	44	30
OTU2598	14	23	13	18	20	8	18	14	16	16	12	17	1	13	16	11	2	10	32	22
OTU26	1	1	3	2	1		1	1		2	1	1		4	1	1		3		
OTU2601	4	3	2	2	3	1	2	1	7	3	4	9		4	3	4	2	7	3	2
OTU2602	2	1		2		1	1	3	3		2	3		2	2	1		6	2	1
OTU2607	3	2	1	1	1		1			3	1	2		1	3		1	3	5	1
OTU2608	1	1	1	3	7	2	2	2			3	2		4	7	2		10	2	6
OTU2610			2		1	1		1			1	1		2	4			3	2	5
OTU2611	1	2		1	1			2	2	1		2		2		1		2		1
OTU2612	2	2	2	1	1		3	7	3	1	3	3		1	1	2	2	5	2	4
OTU2616	3	2	7	2	8	1	2	5	1	6	7	3		3	6	2	1	10	10	10
OTU2617	2	2	1		1				2	1	1	1		1	2	2			6	
OTU2620	2	1		2	5	2	2	2	3	1	3	2		4	6	3		7	7	5
OTU2623	9	8	3	6	8	11	6	5	6	9	12	7		8	15	12		6	18	10
OTU2626	3	1	1							3	2			1	4	1		1	5	
OTU2628		1		1	2	3	1		4		1	4			20	2		5	19	1
OTU2630			1		2		2	3		1	2			1	1	3				3
OTU2639		1	1		1		2	1	1			2		1	3	1	1		1	2
OTU2640	1	1		1			4		1	2	2	1		1	5				4	
OTU2641	1		2	1	1		5	7	1	4		4		6	6	4	1	1	3	4
OTU2642	10	65	16	31	22	10	52	27	19	28	25	36	10	31	23	11	18	11	40	4
OTU2643			2	3	4	6	5	6	5	3	6	6		1	4	3	2	3	1	
OTU2645	6	2			2	1	2		4	1	4	6		2	4		1		5	1
OTU2672	1	1				2			1	1	1	1	1			1	1	2		
OTU2675	1	2	2	1	1			2			2			2	2			2	3	4
OTU2682		1	1		2		1	1		2	2	1		1	3	1		3	5	
OTU2683	1	2	2		1		2	2	1	2	3	3	2		1	2		1	1	3
OTU2686	2		3	3	4	2	1	1	1	6	9	3		3		2	3	1	2	8
OTU27			1		1					2	2	1	1		2	1		2	2	
OTU2704	1	1	2	1			1	1		1	1	1				1		1		
OTU2705	2		1		1		2	2	1	4	1			2	1	6		6	4	5
OTU2707	3				2	3	1			2	2	2	1	1	1	1				2
OTU271		1		1	1	2	1			1	3	1	1		1	1			1	2
OTU2711			1	1			1	1		2	1	1			1	1		1	1	1
OTU2715	55	31	42	22	23	37	52	17	8	27	38	34	4	29	62	61	5	58	32	56
OTU2719			2		7	3	4	3	1	4	2	1	1	1	1					3
OTU2727	9	13	3	24	24	7	14	17	7	15	11	19	4	25	70	30	8	42	50	29
OTU2733			2		2	2	1			3	3	1	1		3	1		1		2
OTU2745	1	2		1			2		2	1	2	1			7	1	1		1	1
OTU275		1	1	1	2	1		1	1	2	1	1		3					2	
OTU2751	1			1	1	1	1		1		1				2				2	1
OTU2753	33	20	31	21	43	38	25	33	40	58	39	85	14	41	46	29	14	33	50	49
OTU2756	3	4	8	2	3	5	4	2	3	2	10	6		7	10	6	1	3	12	4
OTU2759		1			2		1	2			1		3			1	1	2	4	2
OTU2761	1	6			7	3	4	1	2	4	3	4		6	6	6	4	6	13	6
OTU2764	1	3	4	1	4		2	2	2	1		4		2	4	4	5	6	3	1
OTU2766	15	4	2	13	8	10	11	12	7	7	16	2		7	17	11	1	13	6	13
OTU2767	2	1		2	1	2	1	1		1	1			2	1	1		3	1	5
OTU2769	2	1	1	1		1	1	1	2		2				2	1			3	4
OTU2770	21	17	10	20	26	11	34	27	9	27	24	22	3	8	23	19	4	17	27	31
OTU2771	1	10	5	9	5	7	8	12	5	10	5	10	1	10	14	22	4	23	13	13
OTU2773	1	2		1	2	1			1	1	3				8	1	1		8	4
OTU2774	2						1	2		2	5	2	2	2	5	1	1	1	2	5
OTU2776		1	1	2			1		2	1	1	2		1	2	1	1			
OTU2777	8	2	3	2	2	5	6	3	1	4	2	3		1	5			4	3	6
OTU2778		16	7	18	9	8	6	4	10	19	2	8	6	14	16	9	4	16	17	10
OTU2779	1	5	5	4	4	3	2	6	10	8	6	12	1	1	6	6		5	4	2
OTU2784	5	1	10	1	10	1	7	11	2	7	1	6	1	2	5	1	1	5	4	5
OTU2788	2			3	4		3		1	2	2	3	4	4	4	4	4	3	2	4
OTU279	2		5		3		1	1		1	3			1			1		1	2
OTU2793	1			1	4	4		1	3	1				2	1	3			4	2
OTU2806		4	6	6	2	3	1	4	1	3	2	4			6	6		7	2	11
OTU281	2	7	4	5	4	4	8	3	3	4	2	8	2	5	7	5	4	4	12	5
OTU2811	4	2	1	4	2		1			2	2	2		1	6	8		6	10	1
OTU2812	1	1	1	1		1		1							2	2		1	1	
OTU2814	2		2	1	1		3	1	1		1				2			1	3	1
OTU2815	2	3		5	9	5	5	5	6	5	13	2	2	8	16	11	2	9	17	12
OTU2822	1	2	1		2		1		1	3							1	2	2	2
OTU2823		1	1	5	1	1	2	5		1	1	2	1	2	1	1	1	2	2	
OTU2824	1	8	5	15	5	5	19	5	5	2	7	16		20	2	6	8	2	7	6
OTU2826		3	1	2	1		1	4	1		1	1			4					1
OTU2828	7	25	8	4	1	5	16	3	13	21	12	30	9	7	3	6	1	6	11	13
OTU283	11	16	6	5	10	3	8	6	6	12	10	9	2	12	14	7	5	4	11	12
OTU2831	1		3	1	1		3	2		1	1	3		2	2	1		4	3	1
OTU2834	1	1		2	1			1	1	1	5	1						2	2	
OTU2836	1	1	1	1		1	2	3	2		1			1	11	1		1	11	2
OTU2839	1	1	1	1	1	1		2	1	2	3	1		1	1			2	1	1
OTU284	11	7	6	1	12	4	9	5	6	3	6	11		4	33	6		5	30	10
OTU2842				1	2		4	2		1	2		1	1	3		1	3		1
OTU2844		3	3	2	1				3	3	3	7		2	3	3		2	2	2
OTU2854	1	4	3		4	5	5	1	2	2	2	1	1	3	10	7	2	7	3	3
OTU2866	17	42	14	43	44	21	61	27	17	14	22	39	8	28	25	18	16	30	12	21
OTU287	1	2	4	3	1	1	1				1	1		1					1	1
OTU2874	3	10	1	5	16	5	10	3	1	5	1	11	1	10	17	18	4	15	15	25
OTU288	2					1			1	3	1	1		1		1		1		1
OTU289	1	1		2			4	1		1	1	1		1	2	1				
OTU2912	1	2	2		2	2	2	1			2	4		2	2	2			2	
OTU2917	15	1	3	1	5	5	5	5	8	10	5	8	3	4	2	8	1	4	5	4
OTU2919	1	1	1			2	4	2	2	6	2	2		1	3	1		2	2	
OTU2923	2	3	3		4	2	8	5	1	7	5	4	2	4	5	3	2	2	3	2
OTU2935	5	12	3	9	19	1	12	9	3	3	6	8	2	1	7	4		4	4	6
OTU2938	1	2		1	2		3	4	2					1				1		1
OTU2939	1	1	1		1	1		2	2	3	2			2	1	1		1	5	1
OTU2946		2		1	1	1	4	1	1		3			1	2	2		1		
OTU2950	3	1	1		3	3	2	1	4		1	2				2		1		2
OTU2951	1	4	2		1	3	2	1	3		3	5			4	3		1	5	
OTU2953	1		1	1	4	2	1	2	1	2		7			4	1		3		2
OTU2955	1	1			2	2		3	1		3	1		1	1	1	1			1
OTU2961	4	4	4			2		3	7	4	2	4		5	1			2	5	5
OTU2970	9	3	1	6	4	2	3	2	1	4	4	4		6	1	11	4	5	2	10
OTU2979	3	1		2	2	1		1	2	1		1		2		1		1	1	
OTU30	2	1		1	3			2	3		3	2		1	1	1	1	1	1	
OTU3015		1				2				1	1	2	2	3		2	2	1	1	
OTU3027	3	2	1	2	3	5	3	2		3	2	4		3	3	7	1	3	6	2
OTU3030	11	2	4	1	5	5	8	1	1	3	4	6	1	2	9	5		4	16	8
OTU3031	1		1	1	1		2				1	2			3	1		1	1	5
OTU3035	9	6	15	9	15	7	7	10	13	11	12	23	6	10	11	12	8	4	7	8
OTU3043	2	1	1				2	2	1	2	1	2	2	2	1	1	1	2	1	
OTU3048		1		2	1	1		1	2		1	1		1				1	2	1
OTU3050	1	2		2	3	1	3			1		2	1	3	1	2			4	2
OTU3051	5	5		12	11	4	9	6	2	5	2	4	1	2	5	6	1	16	9	2
OTU3056	1	3		2				1		3			2		4	1		2	1	
OTU3057	5	1	1	5	1	3	5	3	4	2	5	4	1	3	5	5	1	6	3	3
OTU3061	3	6	6	6	5	4	3	1	4	10	2	8	1	5	5	6	2	3	13	4
OTU3063	1	1	1	2	3	2	3	3	1	4	2	2	1	5	3	6	3	2	3	6
OTU3066	1	4	2		1	1	3	1	3	1	3	4		5	2	1			1	1
OTU3067	12	7	12	8	16	9	17	14	8	23	21	11	2	15	12	7	6	8	17	12
OTU3068	7	2	6	4	2	4	7	1	1	4	7	3		3	13	8		5	4	5
OTU3078	2	2		2	5	5	2		3	1	2	4		1		4		7		4
OTU3083	1		1		1		1	3		1				2	6	1		1	3	4
OTU3090	2	2		2	5	1	5	2	1	1	5	2		4	1	2			3	1
OTU3096	7	2		2	4	2	6	2	2	5	2	5	1	4	9	9	3	6	8	7
OTU3108	1	3	2	1		5	4	1			1	3		1		1	1	2	3	1
OTU3113	1		1		2	1					1	1	1	1	5	2	1	1	1	2
OTU3117	2	2		3	8	5	6	3		10	6	18		3	15	10		7	5	8
OTU3119	3	8	2	2	2	1	6	5	1	2	6	1		2	3	1	2	2	2	
OTU3134	2	4	3	1	3	2	6	4	3	1	3	1			4	3		3	5	3
OTU3142	16	20	16	19	14	14	26	13	10	30	14	14	1	21	45	30	14	28	34	21
OTU3143		1		1		1	2	4		1	1	1		1	2	2	1		3	1
OTU3146	3	2	3	4		1	4	1		1			2	2			2	3	2	1
OTU3148		5	3			1	3		1	1	3	3		5	6	4	2	2	6	5
OTU3149	1	2	2	2	1				2	1	2	4		3	3	3		2	6	7
OTU3152	1	2	2	3	2	1	1	4		2	4	5		1	1	5	1	5	3	2
OTU3154	4	9	2	8	1	4	3	7	3	2	3	12	2	3	10	3	6	7	11	3
OTU3159	1	2				1				3	1		1	1	4	3		3	2	3
OTU3169	3	3	2	9	20	4	4	4	3	6	3	4		1	29	9	1	14	19	10
OTU317	3	1	2	2	1	2	1	3	3	1	5	6		1		2		2	10	1
OTU3171	4	10	2	10	5	4	6	5	4	6	5	7	3		12	13	4	15	13	11
OTU3173	2	3	4	2	15	3	4	10	11	1	6	8	1	7	10	11	4	8	8	24
OTU318	12	14	22	11	20	5	11	14	9	18	22	18	5	27	11	10	6	11	18	13
OTU3188		2	4				2	4	2	4	2	4	1		1				1	1
OTU319	1		2		1	1	3	1		1		2							1	4
OTU3192	1	10	2	8	4	3	7	1	4	4	3	2	2	3	10	10	2	7	4	8
OTU3193	1		1		1				1		1			1	1	1	1		1	
OTU321	1				1				1	2		1	1	1		5	1	11	2	1
OTU3227	54	151	43	113	41	235	55	48	179	135	83	116	474	80	336	107	336	44	189	121
OTU3229		1		1	1	1	2			5	1	2	1		5	4		2	3	3
OTU3245	20	19	20	26	14	19	25	23	8	14	8	17	12	21	37	29	9	26	36	23
OTU3246	1		1					2	1	3	3	3			2				2	3
OTU3257	1	1		1	3			1	1			1		2					2	1
OTU3259	16	9	12	24	24	11	25	10	8	5	8	23	2	19	29	35	6	28	35	37
OTU3267				3	3		1	1	1	2	2	1	1		1	1		4	5	
OTU3270		11	2	12	1	3	7	4		3	1		1	3	4	1	1	3	6	
OTU3282	1	3	2	2	2	4			4	9	2		1	1		1	2	2		
OTU3293	4	4	2	3	6	3	4	4		2	1	2	2	4		3	3	1	7	1
OTU3310	1		1	2		1					1				1	1		1	1	1
OTU3311		1				1		1	4		3	1	1		12	3		2	7	1
OTU3324	4	5	3	4	8	2	5	2	1	3	2	3		2	4		1	2	6	7
OTU333			1	2	3	1	2	2		1			2	1	5	3			7	4
OTU3333		1				1			1		1	2			4	1	1		5	1
OTU3336	1	2	1		1	3		1	7	1		2	8	1			3		2	
OTU3337		1	1		1			1	1	1	2				2				3	1
OTU3345	4	4		3	4	1	5	2	3	1	2	3		1	15	11	3	11	8	4
OTU3351	1	1	2		1	1	1		1		1			2	1				2	2
OTU3359	4	5	6	8	7	5	5	6	3	7	12	9	2	5	31	18	3	8	46	12
OTU3362	1		2		2	3	1					1	1	1		3		2	2	1
OTU3370	3	1	2		2	2	1	4	1		3			2	1	1			2	4
OTU3383	6	21	2	25	7	11	24	13	12	35	7	14	18	1	21	12	31	1	32	9
OTU3391	3	4		2	2	3	3	2	2	5	1	2		4	20	6	1	3	7	6
OTU34	1	2	1			1	1	1		1	3	2				1	1	1		
OTU3413	3	3	1				1			3	3	1			1	3	1	2		3
OTU3419	2	2	3	1	1	2	2	1	1	1		1			5	2	1	3	1	3
OTU3422	4	2	2	3	7	1	5	3	2	3	4	4		4	8	6		5	6	6
OTU3435	1	1	1		1	1		3	3	3	2			3			1	1	3	2
OTU3439	22	28	31	16	26	24	48	35	10	22	22	32	5	16	23	26	20	50	27	51
OTU3442	8	5	3	5	2	4	5	5	6	10	6	4	5	4			5	2	1	3
OTU3443				1			1	2	2		1	1		2	3	1			4	1
OTU3445		1				1	2	2		1		2		1	2	2	1	7	1	
OTU3457	1	7	3	2	4	2	10	2	1	3	4	4	2	4	6	5	3	4	10	8
OTU3463	2	2	4	2	5		2		1	4	3	4			5	1		2	4	2
OTU3470			1		1	2	1	1	1	1		3		2		2	1			3
OTU3475	1	1	1		1			3	1	5	1	5			6	1	1	3	7	3
OTU3481		3	3		1	1	1	5		2		2		4		1		3		
OTU3483	1	2	2	2	12	1	8	5	1	6	5	10	2	3	36	9	2	10	19	11
OTU3488	1	2	1		2		2	3	1	3	1	1	3	1	2			1	6	3
OTU3495	1	1	1	2		1				2	2			3	2	2		1	4	2
OTU3496	1	2	3	2	2	1	2	1	1	1		2	2			1			2	3
OTU3499	7	9	3	4	2	4	7	3	5	3	6	7	1	5	5	5	2	8	8	8
OTU3508		2	2			1	2	2	1	1	2			1	1	1		2	2	
OTU352		1	1	2	2	1	3	2		6	3	5	1	1	2	2	1		2	3
OTU3523	153	175	155	203	137	235	132	186	294	185	168	104	264	189	11	85	284	111	12	93
OTU3524	16	10	14	8	15	9	15	6	9	16	16	16	6	14	15	14	7	11	8	19
OTU3525		1		2	1	1	1		2		2	3	2			1	1	2		
OTU3536	232	307	164	300	269	180	385	307	90	167	226	221	79	248	312	289	159	325	267	397
OTU3544	11	5	4	1	8	4	5	6	3	4	4	8	2	7	7	7		5	4	3
OTU358		1	1	1	2	2	2	5	2	2	1	2	2	6	1	2	1	1	4	3
OTU3587	1		3	1	4	2	1	2		5	1	3		1	2	4	1	1	2	1
OTU3593	33	56	37	54	46	47	40	38	52	32	38	107	39	9	78	31	12	21	98	12
OTU360	1	7	5	1	6	8	3	4	5	6	10	5		6	3	5	4	5	8	9
OTU3616	3		1		5	3	1		2	1			1			2		1	2	1
OTU3638	61	162	51	266	125	113	139	169	156	113	63	78	326	66	45	117	321	39	54	50
OTU3648	1		1		5	1	3	3		3		1		3	2	1		7	1	6
OTU3656	5	12		8	13	6	8	4	9	3		9	3	6	12	13	2	14	12	15
OTU3667	1					1	1	1	1		1	3			2	1		3	3	1
OTU3668	3	2	4	4	9	2	8	5	2	7	3	6	2	3	7	5	6	7	2	7
OTU3671		3		2		2	2	2	6	1		1					1	1	1	
OTU3686	1	3	1	1		1	1	1			1			2	1		2	2	1	1
OTU373	13	9	9	3	21	9	5	8	28	21	15	38	3	11	21	11	3	2	31	7
OTU3740	2	1	3	4		1	4	4	1	10	7	5	1		3	2	1	1	7	3
OTU3742		1			3				1	1	2	1		1	1	2				2
OTU3748	2	8	7	1	5	3	2	4	2	6	4	5	2	6	5	5	1	2	14	3
OTU3780	5		4	4	3	2	2	5	5	3	5	5	1	3	4	3		1	6	5
OTU3781	6	9	6	7	11	5	8	8	11	5	3	16	3	13	18	7	3	18	10	11
OTU3806	161	175	139	184	265	131	223	170	147	206	218	198	66	193	330	311	80	313	304	285
OTU3808	3	4	7		3			2	2	6	5	5	1	5	5	1	1	4	3	4
OTU3813	8	6	7	1	14	3	10	9	6	7	11	4	1	6	2	9	1	10	5	18
OTU3833	10	6	8	14	8	2	10	14	1	9	2	6	1	6	12	13	6	16	7	16
OTU3841	4	6	6	6	6	6	6	9	3	8	4	9			3	5	3	5	9	6
OTU385	2				1		2	2		1	1	1			1		1	1	1	
OTU3860	8	8	7	12	16	12	16	10	7	17	17	6	1	11	13	11	3	9	13	15
OTU388	1			1	1	1	2	1		1		1		2		1				1
OTU3906	15	6	14	7	20	15	7	19	19	12	15	23		3		1		3		16
OTU3908	3	9	4		2	7	9	5	2	11	6	6		2	2	5		1	8	9
OTU3909	5	5	3	7	6	7	9	2	1	3	3	9		3	3	6		2	11	11
OTU3920	2	1		2	1	1	4	1			1				3	3		1		3
OTU3935	1		1	1	1	1	2		1	5	2	4	1		7	2		1	7	3
OTU3953	1		3	2	7	1	4	2	3	2	3	4	3	4	8	11		4	8	8
OTU3962	2	8	4	3	4	3	9	5	10	3	4	16	2	6	9	3	1	2	3	2
OTU3968	24	31	18	24	25	13	27	17	21	27	31	29	4	31	26	37	11	33	37	48
OTU3983	12	11	9	5	8	9	13	10	7	15	13	6		10	9	7	7	5	10	20
OTU3984	57	91	64	69	100	59	106	65	63	90	76	119	22	91	96	106	34	98	132	111
OTU3987	27	31	32	31	54	33	41	50	21	72	61	62	9	40	51	51	22	41	64	73
OTU3992	141	190	99	208	244	108	276	149	121	144	133	194	31	172	443	387	59	386	349	420
OTU400	1	2	2	3	7	3	2		5	3	5	9		1	4	3	1	3	6	3
OTU4001	5		2		5	2	5	3	7	4		3	1	1	33	5		3	23	7
OTU4004	1	6	5	2	8	1	5	3	4	5	4	4		2	5	2	1	5	4	5
OTU4023	4	5	14	4	6	3	6	4	7	7	8	16		11	8	5	1	3	8	7
OTU4024	1		1	2	2	3	2	2		1	1	1	1	1	1	2		1	2	2
OTU4042		3	1		2	1	1	1	1		1			1					1	
OTU4061	6	3	3	4	1	2	3	1			1	5		1	7	1		6	4	6
OTU4074		1		2	1	3		6	3			3	4	1	3		2		18	
OTU408	48	38	24	31	20	99	30	10	81	32	35	41	152	32	1	25	89	18	5	4
OTU4080	4	8	3	4	7	6	5	4	4	9	9	8		2	11	3	2	1	8	6
OTU4082	1		1	1		2	1			1	5	1	1		2			2	2	1
OTU4083		1			1		1		2	2	1	1	1		1	1	2			
OTU409	2	6	7		3	6	3	5	8	6	7	6	3	5	10	6	2	3	3	6
OTU4096		3		4	4	2	1		8	2		14	20	1	35	18	23	1	491	
OTU4102		5	2	1	1		7	1	1	1	2			1	21	1			30	
OTU4110	2	2			1		1			1					1	2	1	1	1	2
OTU4129	1	5	3	2	4	2	3	6	4	4	2	7	2	3	6	9		7	7	6
OTU4132	387	437	320	410	618	347	587	357	343	483	518	519	70	453	519	539	170	602	519	634
OTU4137	1	1	1	1	2		2	1	1		1	2			1	1		2	1	1
OTU4140			2	1	1	1			2			2		1	2	1			5	
OTU4147	5	3	3	7	7		7	6	5	9	5	2	2	6	23	5	3	8	19	13
OTU4155	2	2					1	1			1	5			2	1	1	2	1	4
OTU417		2	1	1	3	1		1	3	3	1	4	9	1		1	3	1	1	
OTU4176	4	1	3	4	5	1	6	1	1	6	3	2	1	2	11	1	2	2	6	7
OTU4177	1	6	3	1	1	1	1	3	1		1	1	1	1	6	1		1	6	7
OTU418	2	2	1		2	2			3	1	1	1			1	1		2	1	1
OTU4186	2		2	2	3				2	5	1	4			1			1	1	1
OTU419	3	1		1	9	2	11	3	2	1	3	2	1	4	4	5		4	4	3
OTU4205	4	3		1		2	1	2		3	3	1		2	3	5		2		5
OTU4211	2	2	2	1	4		7	3				1			1	1		1	1	2
OTU4212			1	4	1		1			1		1			1	1	4	1	1	
OTU4214	8	17	4	14	18	9	16	12	12	7	9	10		9	27	12	1	16	20	20
OTU4217	5		2	1		1		1	2	7	8	1	1	1	4				3	3
OTU4231	2	5	3	7	4	2	3	4	3	10	9	8		6	6	4		6	5	14
OTU4234	3	4	5	1	3	2	1	5	4	5	2	2	1	3	2	1	1	6	3	4
OTU4238		3			5		2		2		6	2	1	1	4	3	2	4	8	6
OTU425	1	1			2	1	1	1	1	3	2	3		2	1	1		2	1	1
OTU4255	2	6	3	3	3		3	2	3	4	2	7		1	20	8	2	5	19	4
OTU4257	1			2	3		1					1	1			1	1	1		2
OTU4266	1					1	1	3			1		1			1	1	1		2
OTU4282	1	13	11	4	13	6	13	14	6	14	11	14	3	17	8	7	4	9	12	9
OTU4291	1				2	3			2	5	3	1	1	1		3			1	1
OTU4295	1	2	1	1	5	1	5	2	1	1	2			3	7	2	1	6	7	5
OTU4300	5	5	7	3	1	1	8	3		4	5	4		3		1	2	3	4	1
OTU4304	3	3	5	3		4	4	2	4	5	5	3	1	1	5	5	2	3	1	5
OTU4331	21	12	20	19	39	9	21	19	17	18	23	38	6	34	25	25	5	22	34	37
OTU4335		1		1						1	1	1	1	6		2	2	1	3	
OTU436	2	2	1		3		2	2	1	3	1	1	1		2	3	1	2	1	5
OTU437	1	6	5		1		1	2		3		5		1	3	2		4	3	2
OTU4377	3	6	2	5	6	3	6	1	3	2	1	5	1	3	8	10	2	13	5	6
OTU4379		1	3				4	3	3	1			1	1	1	2		1	1	3
OTU438	13	10	14	10	17	5	9	12	10	10	16	15	1	13	8	15	2	12	17	13
OTU4387	11	25	21	19	19	12	25	22	25	26	21	26	9	25	65	18	12	25	74	28
OTU4392	3		1		2		1				1			1	1	1		1	2	
OTU44	4	1		3	4	5		2	1	6	3	3		2	1	2	1	2	4	1
OTU4400		2	2	1	2		2	1	2	2			1	1	1	2		1	4	
OTU4406	2	3	2	5	6	3	2	1	2	6	3	3	1	3	5	5	1	1	3	2
OTU4412	5	8	2	3	8		2	4	6	7	10	8	3	7	7	10	2	12	11	8
OTU442	160	177	145	192	264	114	241	175	111	167	164	229	27	194	326	305	82	321	257	338
OTU4420	2	3	3	1	3	2	3	3	1		1	2		3	3	3		2	4	
OTU4436		2		2	2		3	3				3		2	1		1	1	2	
OTU445				1	1			1			1	1		1	4		1	2	2	
OTU4456			2		2		1	1	1		1	1			4	4				2
OTU4459	1	1		3		2	2		1	2	3	4			6	2	1	6	1	3
OTU4463		1	1	5	3	2	2	5	1			5	1	1	9	5		5	2	7
OTU4500	3	1	1	2	1	2	2	4	1	2	4			1	5	3	1	1	3	1
OTU4503		1		1	1	1			1	2		1		1		2		1	2	
OTU4507		1		2	2	1			4	2	1	2		1	1		1		1	2
OTU451	1	3				4		1		3	2	1		3	4	1			3	1
OTU4516	3	2			6	1	5	2	2	1		2	1	1	9	1	2	2	14	
OTU452	11	15	16	11	4	7	6	6	7	14	6	5	1	12	9	5	1	7	10	9
OTU4538		4	1	4	5		4	4		5	2		2	3	6	4		7	9	4
OTU455	99	119	69	120	174	72	148	103	79	133	153	122	45	133	208	215	45	216	188	200
OTU4553	5	7	2	9	8	6	9	11	4		1	4		4	4	4	4	2	2	3
OTU4563	1	1	3	3			3	3	1			1	1	1	1	1	1	1	1	
OTU4579	1		1	1	2		1		1	2	2			1	6	3		2	4	3
OTU4589	1	3				1	2	2	2	4	4	4	1	2	5			1	2	
OTU4599		1			2	1	1			1		2			1	1	1	2	2	2
OTU46	1	1	3	1	1	3	2	2	1	2	3	5			4	1		2	1	2
OTU4618	1	1		1	1	1		1		1	2	1					1	1		
OTU462	1		3		1			1	1	2	1	1		4	1	1		1		2
OTU4621	1	3			1	2	2	1	2	1	3	4	2	4	1	3		5	3	1
OTU463			3	2	6		1	2	1	1	2			1		2		1	2	1
OTU464	1	2		1	2	2	1		1	2		1		2	3	2	2	2	3	
OTU4649	10	8	9	11	21	11	12	12	9	16	14	24	5	12	15	13	5	14	18	22
OTU4660	1			2		1	4	3	1	1	1			1	1				1	2
OTU4663	1	1	1			2	5	1	1					1	1	2			3	2
OTU4665	27	30	27	24	42	23	18	18	22	40	39	30	5	33	28	29	6	31	37	38
OTU4666	1	1	1	2		1	1	2		1	1	2		2	1	2		2	2	3
OTU4671	1	2	5	4	5	2	4	1	2	2		11	3	2	7	6	3	5	10	4
OTU4682	1	3		2			1	6			1	1		1					1	1
OTU4687	3	2	5	5	5	1	3	3	2	8	4	4	1	2	2	5	3		4	8
OTU4690	6	7	3	1	2	1	4	5	2	2	2	5	1	2	4	3	1	2	1	4
OTU4693	7	9	7	6	10	7	5	11	5	11	16		3	8	8	13	1	3	15	6
OTU4698	1	1					1		3			1	1		3	2		1	7	
OTU4706	1	1					4		3	1	1	1		1	4	3		2	5	2
OTU473	2			3	1	1				2	1	3		2	1	3		2	3	2
OTU4733	2		1	3	4		1	2	2			3		2				1	3	3
OTU4739	1			1					1	3	1		1		10	1	6	4	2	2
OTU4744	1	1	1	1	2			1		2	2				2				2	
OTU4759		4	2	3		2	1	1	3	3	2	4	3	5	2	1	2	2	4	4
OTU4762	10	22	15	26	27	26	28	28	8	27	27	24	6	18	26	41	9	45	30	32
OTU4776		2			4	2		2	1	1	1	5		3	2	4	1	1	2	2
OTU4778	3	8	7	5	7	2	10	1	1	4	5	5	3	2	19	10	3	11	11	8
OTU478	2	4	1	1	7	1	1	3	1	3	2	4	1	3	4	3	1		1	10
OTU4793	1	3		2	1			1		1	1	1	1	2	5	4	1	1	12	2
OTU4802	20	31	15	41	30	22	16	71	45	20	40	5	55	28		21	28	19	5	6
OTU4803	12	24	13	12	16	13	21	8	13	13	19	20	1	19	13	23	10	22	28	20
OTU4812	5	9	6	6	6	3	8	2	4	15	3	10	9	3	5	4	10	7	6	4
OTU4815	56	71	51	61	95	59	81	58	38	67	78	84	22	39	158	121	16	199	141	187
OTU482	2	9	2	6	6	7	3	5	7	6	8	6	1	9	10	13	3	11	9	12
OTU4831	3	4	6	7	7	1	12	10	1	3	4	3		1	4	5	4	5	5	4
OTU4833	2	1	5	3	2	4	2	1	2	5	6	7	2	12	3	6	2	5	13	4
OTU4838	42	40	54	34	49	31	51	44	39	76	70	73	10	45	52	38	23	47	60	71
OTU4848	25	30	24	30	23	15	34	29	28	43	25	39	6	44	26	28	14	33	32	44
OTU4857	4		1		3	1			5	2		5		2		1		1		
OTU486		2	1		2		2		3	3	6	3	1	5	1	5		2	5	2
OTU4862		1	2			1	2		1	2					3	1			2	1
OTU4883	7	13	7	16	20	11	15	11	9	12	4	10	3	10	22	28	15	23	27	23
OTU4884	1	2	5	2	4	2	2	1	3	12	2	4	3	6	1	6	2	6	5	1
OTU4886	2	2	3	2	1	3	3		1	2	2	4		3	4	5		3	4	13
OTU4891	1	1	1	2	1					1		2		3		2	1	1	2	
OTU4913					1			2	1			2		2	2	1	1	1		1
OTU4923		2	2		3	2		1	2	4	1	1	1		3	2		6	6	2
OTU493		1			2				1	1	3	1	2		3	3		2	3	4
OTU4931	5	8	3	7	13	8	16	16	6	1	8	15	2	7	9	13	3	17	9	21
OTU4932	4	3		5		2	2	3	2	2	4	1	2		1	3	1	2	7	4
OTU4936		2		3		1	3	1		4	1		1		5				5	1
OTU497		5	1	7		1	2	1		3	2	1	2	3	11	7	1	3	6	2
OTU4996	2	1	2	4	5	4		2	1	2	1			4	3	1		8	3	7
OTU4998	1	1					1	2		1	1	1			1			1	1	4
OTU5006	1		2		1		1	2	1						4	1		1	3	1
OTU501	1				2		2		2	1	1			1	2				3	1
OTU5017	1	2			1		1			3	1	1		1	3			1	2	1
OTU5026	2	4	1	2	4				2	3	1	2		1	1	2		3	1	1
OTU5029	4	8	4	6	12	7	6	5	5	8	4	10	2	6	43	11	2	12	27	16
OTU5039	4	12	3	5	3	1	7	7	2	6	2	5		7	12	4	3	8	5	14
OTU5041	4	2	1	2	3	3	6	4	5	2	3		1	5	8	3	1	8	4	4
OTU5042	1	3	2	1	3	5	9	4	4	10	6	4	1	5	13	5	1	5	13	4
OTU5046			1	1			1	2	2	2	2	1		2	4			3	2	1
OTU5049	6	4	8	6	12	5	12	8	7	10	5	8	6	9	33	16	4	17	22	19
OTU5051		1		1			2			1		1			3	1	1	1	2	
OTU5052	2	6	2	3	4	2	3	4	3	3	8	2	2	3	4	3	1	3	3	3
OTU5053		1	1	1					1		1		1	1				3	2	2
OTU5054	9	6	12	3	4	7	4	8	5	9	11	9	3	7	8	8	4	4	18	12
OTU5056	2	6		1	1	1		2		3	1	1	1	2	13	4		6	9	6
OTU5058	12	7	13	5	12	6	17	11	12	13	10	14		9	8	7		3	17	12
OTU5063	5	4	3	1	5	4	3		1	2	2	5			9	9		7	8	6
OTU5067			1				2	1	1	1	1	1			2				1	1
OTU5073	2	2			3	2	1	2	1	3	2	2	1	1	4	2		8	1	
OTU5075	3	2	1	7	4	3	1	2	3		1	3	1	2	5	3	2	1	8	1
OTU5079	2	1	2		3				2	3	3	2	1	4	3	5		1		5
OTU508		6	1	1			1	1		1		4	2	1	4	1	1	2	7	
OTU5081	1				1				1	1		2	1	1			1	1	1	2
OTU5082	3	1	2	1	3	4	3		1	4	2	1		1	2	1	1	1	2	
OTU5083	2			2	1	1			1		5	8	1	1	2	1	1		2	
OTU5086	2	1	1	2	2	3	3		2	4	3	2		8	4	2	1	4	3	7
OTU5092	10	20	15	19	25	16	28	18	12	17	18	16	6	19	49	41	4	44	43	58
OTU5097	1	2		3	1		2			1	1			1	2	1	1	1	1	1
OTU5098		1	1			1	1	1	1	2	1	1							3	1
OTU5099	6	3	7	5	4	5	2			4	3	2		5		3		4	2	7
OTU5100	1	1	2		2	1	1		1	1	1	4		1	3	7		3		3
OTU5101	2	1			1	1	1	1			1		1		2			1		
OTU5104	6	4	2	1	2	4	7		5	6	9	4		2	3	2			7	
OTU5105		1	1		1	2	2			4	2			1	3	1				1
OTU5106		1			2	1	1	2	1		1			1	1			2		
OTU5107	1	1	5		1	2	1	1	3	1	2					6	1	2	2	7
OTU5111	3	1	4		1			2		3		2		2	3	1	1			3
OTU5119	1	2		5	4	1	3	4		5	4	7		2	24	12	1	8	11	13
OTU5126	4	2			4		1	1	4	2	3	1		1	2	5		1	4	2
OTU5128	88	96	69	94	118	69	123	77	53	76	121	99	23	50	118	176	32	265	119	190
OTU5144	8	5	6	10	9	3	16	12	3	8	4	15	4	5	8	9	1	9	13	11
OTU5146	13	6	6	11	13	7	16	8	5	6	5	5	4	16	26	22	3	24	11	29
OTU5151	33	29	24	34	46	36	47	43	26	57	36	35	9	38	41	41	18	34	36	42
OTU5157		2	2	1	1	1	2	2	2	1	4	1		7	2	3	2	3	1	10
OTU5169	1	1	2			1		6		2	2	2		1		2		1	2	1
OTU5190	1	1	2	1	1			1	2		2		3	1				1		
OTU5195	1	16	8	10	15	9	16	6	8	6	4	19	4	4	50	18	8	16	24	19
OTU5198	1		3		5			1	3	4	4				4	1		2	1	1
OTU5211	3	2	1		1	2	6	1	1	1	2	2		2	2	2			4	
OTU5214	4			1	1	1			1		1			2	1	1		1	2	
OTU5217	1		2			1	2				1			2		1		1	1	1
OTU524	2	4	1	4	6	2	6	2	7	7	7	11	2	1	7	3		4	2	5
OTU5254	2	4	5	2	8	4	6		2	6	2	4		3	10	4			1	2
OTU5275	2	1		2	3		1	1		5	1	2		1	3	3		1	3	2
OTU5297	2	2	1	6	3	2	8	3	1	2	3	1		1	10	9	2	11	8	9
OTU5299	4	6	2	6	4	3	3	2	1		4	4		2	4	2		2	3	7
OTU530	25	23	32	15	33	16	28	20	24	32	42	29	8	27	23	15	11	17	41	26
OTU5308	8	2	3	2	4	3		4	3	7	1	3		2	4	3			1	3
OTU5312	1	3	2	3	2		4	1	2	1	2				1	2		1		1
OTU5319	2	3	2	3	1	2	4	2	1	3	1	1			1	3		1	2	2
OTU5320		1					2		1	3	2	1		1	1	2			1	
OTU5327	1	2	1	3		3	3		1	1	2	7		1	2	3		2	2	1
OTU5328		2				1	2		2	1	2			2	1	2		1	1	3
OTU533	2	8	5	7	5	1	10	6	2	7	7	6	1	4	10	7	2	11	8	8
OTU5332	1	6	3	1	7	2	3	5	1	3	3	5		5	4	2	1	4	3	4
OTU5333	2	6	5	10	4	2	3	7	3	2	2	5	1	2		2	3	1		9
OTU5334	3	1	3	2	5	5	4	1	2	8	3	6		3	13	3	1	4	18	3
OTU5340	8	14	8	13	21	10	16	12	7	15	7	13	2	27	26	19	6	24	23	27
OTU5344	1	2	1	1	2	1	2	1	1	2		1			6	4		1	1	1
OTU5360		3	1	2	3	2	1	4	1	1		3	2	3	7	1	2	2	5	3
OTU537	2			1	2		3			1			1	1	5	3		1		1
OTU5377	8	6	11	6	3	8	6	9	19	14	7	3	11	5	2	2	4	3	1	2
OTU5429	7	11	7	4	11	8	17	8	4	16	8	18		11	8	13	5	16	15	15
OTU544		1	2	1	2			1		1	1				3	1		1		2
OTU5444	19	15	18	28	34	14	29	28	10	19	37	37	2	31	31	34	8	29	28	36
OTU5447	1	1				1		5	1	1	1	1			1	2			1	
OTU5455	135	171	123	171	189	124	180	149	103	191	185	209	42	162	280	228	63	204	238	215
OTU5465	45	79	47	66	119	61	104	58	60	77	73	94	12	82	183	123	43	110	180	129
OTU5471	7	2	4	1	2	4	3				2	3		1		2			2	
OTU5472	3	3	2	3	3	2	4	2	4	3	2	4	2	4	1	3		2	3	1
OTU5483	6	3			3		2	3		4	2	4	2	3	1	4		7	1	5
OTU5492	1	1	2	1	1	5		2			1	4	1		1				2	2
OTU5497	1		3	15	6	3	11	2		4		4	2	7	22	9	2	6	9	13
OTU5500		3	1	2	2	2	3	2	6	3	3	7		3	5	7		9	8	3
OTU5508	7	10	7	7	6	4	12	10	3	12	10	7	4	12	6	13	5	11	2	12
OTU5514	1	1	2		4		4	1	3	3	2	5			2	4	2	4	2	1
OTU5528	9	19	12	10	18	9	9	19	10	16	20	16	2	19	17	13	6	18	16	14
OTU5530		2	2		4	2	1	1	3	4		2			8	1			4	2
OTU5535		1		1	1	1	3	2	1	1	1				2		2	1		
OTU5540		1		4				1	1	2			12		3	1	11		4	
OTU5554						2	2	2	1	1	2			2	2		2			3
OTU5565		3	1	4	1		3		3	4		3		4	5	5		2	6	3
OTU5570	113	112	80	87	142	59	115	90	82	114	121	105	24	46	136	135	18	265	140	149
OTU5576	8	8	9	8	20	11	17	4	10	10	14	14	2	9	13	15	5	18	13	26
OTU5599		1	3		2	3	4		1	2	2	8		1	2	2		2	4	2
OTU56		1	4			2	1	2		1		1		2		2		1	2	
OTU5604	1	1	1	3	1	2	1	4	5	5	9	9		3	5	3	1	2	2	3
OTU5609	3				5	2	3			4	3	1			14	4	2	13	5	4
OTU5612				1	2	1	3			1		1		1	4	2			2	
OTU5615		6		2	3		1	1	2	3		1		2	10	4	1	2	6	6
OTU5621		2	3	3	5	1	1	1	1	9	2	5		1	1	2		1	4	1
OTU5629		4	1	1	2	1	1	1			2			1	4	1		4	1	7
OTU5633	1		3		2	3	2		2	2	3	1			5		2	1	13	3
OTU5635	1	1			1	1	2	1			1	1		1		1			1	
OTU5638	1	11	3	3	4	2	4	3	5	8	6	4		8	10	5		11	21	8
OTU5639	1	4	3	1	3		4	2	2	2	5	2		1	3	2		5		4
OTU5649	19	11	18	16	26	17	18	18	7	17	22	14	5	25	47	35	8	16	44	37
OTU5653	132	153	144	115	151	117	185	163	93	207	166	193	28	199	216	198	68	189	250	205
OTU5661	1	2	1		2	1	1			2		1		1	1	2				1
OTU569		2		1	5		3	1	2	1	4	1			5			2	9	1
OTU5691	2		1		2		3	4	2			1			1		1			1
OTU5695	1	3	2	3	1	4	4	2	3	6	3	7	1	2	1	3	3		1	1
OTU5696	3	1	5		4		1	2	1	3	2	1		1					2	
OTU570	1				1	1		3		1		1		1	2			2	2	1
OTU5702	1	1	2		1				1	1	1			1	3	3			1	
OTU5704	4	6	5	2	7	1	7	4	5	1	4	1		5	14	8	2	3	3	6
OTU5709	2	2	6	5	4	7	4	3	2	4	2	6		5	9	2	1	5	8	2
OTU5720			3	1	1	2	1		1		2	1		2					1	1
OTU5722	1				1	1		1	1	4		1	1	2	1					
OTU5724		1				1	1		1			1			2		1	4	1	1
OTU5727	1		1	5	2	1		8	2	3			6	1		1	1	1		
OTU5732	8	7	3	10	13	4	10	8	2	7	9	12	1	4	19	16		6	13	15
OTU5733	1	2		3	2	3	2	1	1	1	2	3		1	6	2	1	2	8	4
OTU5734	1		4	2	3	3	1	3	2	1	1	3				1		1	2	1
OTU5735	9	11	4	5	9	6	5	4	9	6	7	7	5	5	18	12	3	6	12	10
OTU574	1	3			2	1	2	1			1	3		1		2	1	1	2	4
OTU5744	5	6	3	1	3	3	7	3		4	5		3	4	8	3	1	5	15	7
OTU5756		1	1			2	5	2	2		2			1				1	1	1
OTU5757	2			2	1				1	1			1		2	1	1		1	
OTU5762	4						2	2	1		1		1	3	1	3	2	7	2	5
OTU5765	77	92	67	78	113	48	119	80	55	66	93	122	25	57	152	140	30	283	140	182
OTU5768	2	7	2	4	4	4	10	2	5	6		4	3	2	3	3	1	6	11	5
OTU5773		4	1	1	1		3	5	2		1		3		2	4		3		4
OTU5780		2		2	1	1	1	1		3	1	2	1	1	1	6	2	1	1	3
OTU5783	54	29	54	39	52	37	42	36	55	43	65	99	6	36	49	49	14	46	53	73
OTU5789	30	12	14	7	22	27	23	11	7	21	18	19	2	15	26	39	2	42	49	52
OTU5795	10	9	6	4	17	8	15	11	8	10	10	16	6	11	15	13	6	18	20	14
OTU5798	1	1	2	1			1	3			1	10		2	6	4		1	6	4
OTU5804	2	4	7	4	11	1	3	2	2	6	4	10	1	6	7	7		4		5
OTU5824	3	2	1		2		2	5	1		1	1			1	1	1	1		
OTU5836	5	1	4	2	8	7	7	4	3	7	6	4		3	5	2	2	1	6	2
OTU5837		11	3	6	5	1	6	6	2	2	3	7	1	6	22	11	3	10	19	12
OTU5845	2		1		2		1			2	1		1		4	3		4	3	2
OTU5851	6	4		7	1	3	1	1	1	8	1	3	2	3	7	2		3	4	2
OTU5852	1	2		3	3	1				3	2	2	1	5	6	1		3	11	3
OTU5859	1	1		1	2		1	2	1		1	1							2	
OTU5863	2		1	1	1		1	2		1		1		3	3	6		1	3	5
OTU5870	3	3	1			1			1	1	2	10		5	4			1	8	1
OTU5871	4	3	6	2	1	2	5	2	2	9	9	6	2	3	6	10	1	13	6	
OTU5873	1		1	3	2			4	1	4	3	2	1	4	3	2		5		6
OTU5876	2	2	1		3	1	1	2	4		5	4		2	5			1	10	3
OTU5877	2	3	2	3	7		3	4	5	6	1	4		1	2	9		4	1	2
OTU5881	2	2			1	3	2	2		2	6	4	1	2	3	3	2	3	1	3
OTU5882	1	1		5	7	7	5	1	2	8	4	2	1	7	5	3	1	2	3	5
OTU5883	3	1	2	1				2		1		2		1	4	4		2	4	4
OTU5887	3	1	1	2	2	2	2	2	1	1	1		1	1	1	3		2	4	2
OTU589	2	7		4	7	5	5	2	4	7	3	3	2		4	9	3	5	5	6
OTU5890	10	7	10	4	9	3	10	7	7	7	4	6		9	14	8	2	10	9	16
OTU5891		4	1	1		1				2	2		1		1	2	1		2	1
OTU5895	1	1	1		4			1	3	4		1	1	2	1	2		2	2	4
OTU5897	1	2	2		4		3	4	2	1	1	2		2	4	5		3	9	3
OTU5905	2	3	5	1	3	5	1	3	7	7	1	6		2	3	3		5	1	4
OTU591	2	1	1	1	1	4			2	2	1				1					1
OTU5923	2	6	4	1	4	2	6	4	2	6	9	7	2	1	18	12		3	9	15
OTU5926	1		4			1	4	2	1	1		3			1		1		1	
OTU5932		2	1	1	3		1	1		5	4	7		4	1		1	2	3	3
OTU594	2	1			1		3	1		4	2	2			6	2			5	2
OTU5951	2		2	1	1	3	1	1			1	2			4	4	1	3	5	2
OTU596		1	2	1	1	1	2	2	2	3		3		1	7	5		7	3	4
OTU5963	2	6	1	6	3	2	1	1		1		3	1		5	5		8	6	3
OTU5972	1				2	2				2	1	2			3	5		2	1	3
OTU5973		1	1	2			1	3						1	3	1		1	3	2
OTU5974		5	2	4	8	2	1	2		4		3	1	5	25	8	1	9	17	1
OTU5976	1	2	2	1	1		2		1	3	2	3	1	2	7	8		5	3	5
OTU5987	3	1	2	1	1	3	1	5		2	4	1	1	2	3	1	2	1	2	2
OTU5997	1	3		1	2			2				3		2	4	3	1		1	
OTU5998		2	1	5	2			4	2	4	2	2	4	3	1			4		3
OTU6003	5	1	1		3	1	3			4	2	8							2	2
OTU6005		3	2		2		2				2	1			3	4	2	2	4	3
OTU602		1	3		1		1		1			1			4	2	1		8	1
OTU6039	11	3	7	1	8	3	6	5	6	8	8	8		2	6	2	1	2	3	2
OTU6041	5	1		1	3		3	2	1	2	1	2		2	2			3	2	2
OTU6042	407	557	403	534	232	276	329	659	445	359	365	134	960	360	47	243	738	203	60	318
OTU6045		1		1	3		1			1	1	3			1		1	2	6	4
OTU6053	1	1	1	1	1		1					1		1	4	1			3	2
OTU6064	2	1		3	2	1	1	3	1	2				1		2		2	3	
OTU6068	3	1		1	3	2	3				1	3		3			4	1		2
OTU6082	2	5	1	1	2				1	2		3	1	2	3		2		3	4
OTU6108	2		1	1	1		1		2		1	3		2				1	2	
OTU6115	2	3	1		3	6	2	2	2	5		7	1	6	6	3	2	11	6	4
OTU6117	1	1	2		4	3	1	7		2	2	4	2	1	3	2		4	3	2
OTU613		2			3		1	1			1	1		1	2		1			1
OTU6147	3	1	1		1	2	3	1						2	3	4			1	1
OTU6152	5	6	9	3	5	3	6	4	2	16	8	8	1	5	2	4	1	4	6	5
OTU6157	2		1	1					1			1		1	2			1	2	1
OTU6178	1	2	2			1	2	3		1	1	1		1	2	2	1	2	3	
OTU6195	17	28	18	34	21	18	25	27	12	25	27	27	5	24	61	50	10	74	62	50
OTU6201		1				1	2	1	1		1	3			1	1			4	2
OTU6221	1		3		1	2	2	3	2	3	1	4		2		2	1	1	3	1
OTU6222	5	3	2	1	1		3	2	3	2	2	5		6	3	1		2	2	1
OTU6234	7	17	9	7	3	8	6	14	18	9	10	7	35	11		5	10	7	1	
OTU6251	2	1	5	3	2			3	1	2	5	1	2	3	3	1	1	1	6	3
OTU6252	1		1						1	1	3				1	1	1		1	2
OTU6254	21	10	13	28	37	23	25	11	13	14	19	39		2		1				7
OTU6255	2	1	2	1	1		1	3	1	1		2	1	1	4		1	2	2	5
OTU6256	2	1	2	1	2		1	2	1	5	1			2	1	3		5	1	1
OTU6257	4	3	8	9	16	5	9	6	3	6	5	8	1	8	14	6		15	11	13
OTU6261	5	3	3	3	16	2	3	7	5	7	2	10	1	9	3	6	2	2	13	8
OTU6274		1	5		1					1	1		1		1	2		1	2	
OTU6295	1	1	1	2			1			3	3	1			1	1				
OTU6307	3	6	2	2	2	8	7	4	4	5	5	8	2	6	18	6	3	8	10	7
OTU6317	1			1	1	1			2		2	2	1		1				1	
OTU632		2	1	1	2		4			2	1		1	1	3			4	1	
OTU6327			3		2	1	1			2	1	2		2	1	1	1	1	2	
OTU6353			1		1			1			1		1	1		1		1	1	2
OTU6366		4		3	1	2	4	6	4	2	3	1	8	3		1	4	1		1
OTU637	36	24	35	16	43	22	34	39	17	30	26	24	6	27	36	37	9	47	32	43
OTU6372				2	2	1		1	2	2		1		1	1	2		1	1	4
OTU6381					1	1		1	1		2	2			1		2		5	1
OTU6392	6	3	4	1	9	3	9	6	6	5	4	8	3	2	15	6	1	4	18	7
OTU6403	33	69	29	96	93	39	124	45	37	45	42	63	16	56	154	136	23	159	90	124
OTU6418	1	3	1	1	3		1	1		1	7	1		3	2		1	3	1	2
OTU644	1	1	1	2			1	1		1	3	6	1	6	5	2		4	9	2
OTU6445		1			1	1	2	1		1		1		2	2				1	
OTU645	1		1		1					1		1			5	3	1		4	1
OTU6454		1	2	1		2	1		2	1	3	2	3		5	2	3	3	4	2
OTU647	1					1	2	1	2						2	1	1	3	1	
OTU6491		1	2	4		1	4	1	3		2	1	3	3	1	2	3	9	1	4
OTU6492	6	2					1	1	1	1		2		1				1	1	1
OTU6501		1				3		1	2	1	2	4			10				8	2
OTU6504	1			2	6	2	2	1		3	1	7	1		2	3	1	1		5
OTU6506	1	1	1		1			2			3				1	3			2	1
OTU6507	1			1	1	1	1	1		1		1			1		1		4	1
OTU654		2	1	2	3	2	3		2	3	2	2		1	11	6		7	4	5
OTU6541	8	4	3	4	25	5	4	12	9	6	4	9	3	3	46	4		3	29	7
OTU6543	24	58	35	63	90	37	43	47	40	53	49	54	8	61	109	110	23	123	80	77
OTU6546			1	1	1				1	1	1	1				2	1	1		
OTU6553		4	2	1	1					1	2	3			6	4	1	1	5	2
OTU6577	1				1	3		2	2	1	2	2		1	1				7	
OTU6578	11	18	9	6	23	8	15	12	17	24	15	21	7	20	83	35	10	16	66	30
OTU659	2			3		2	4			2	2	5	1	1	7	4		3	3	
OTU6594	7	2	5	1	6		1	3	6	9	7	11	1	2	17	4		2	12	2
OTU6597	10	7	3	3	6	8	4	4	12	5	7	1	13	4			6			3
OTU6598		1		1	4		3	1	1			2			4	3		1	5	2
OTU6599	3	3	1	4	11	3	4	1	2	2	5	4	1	4	1	3	1	5	5	6
OTU6602	47	43	34	31	44	42	66	34	45	37	43	45	12	31	51	55	8	46	52	74
OTU6605	3			1	2		1	1	1	1	1	2			6	1		1	4	1
OTU6617		16	3	3			2	3	4	3		3	19	1	31	9	11	5	23	3
OTU6622	10	13	13	21	17	8	12	14	10	12	11	15	3	23	27	19	12	28	25	28
OTU6625	2	2	2		3	1	3	1		7	3	4		1	4		1	2	1	2
OTU6641	2	1		2				2		1	1	1		1	4	3		1	4	
OTU665			1		2		1		1		1				4	5		1	2	5
OTU6656			2		3		1	1	1		2	3		1		2	1	3	2	2
OTU6676	2			2	1		1		2			2		2	1	1	1	4	3	
OTU6680	24	23	22	11	16	8	7	28	12	20	28	32	9	32	31	16	7	15	56	17
OTU6687		2	1		1	2	4	2	2	3		1		1		1		5	1	2
OTU671	213	1224	102	400	139	950	151	337	1527	489	258	1317	3637	251	2096	875	3422	175	865	66
OTU673	7	11	8	8	11	8	10	6	6	16	9	6	2	15	10	11	4	7	12	12
OTU6745	3		2		1			1	2	1	1	3			1	2		2	3	1
OTU6749		3		3	2	1		1				2	1	1	1		2	2	2	2
OTU675	6	4	1	7	7	1	3	3	2		3	8	1	6	7	8		15	4	6
OTU676	2	1			1	2	1	1		1	1				3	1				
OTU6773	2	3	1			2		1	1		2	1		4	3	1	3		5	2
OTU68	3	5	2	2	3	2	2	2	4	4	5	4	1	3	5	7	1	8	4	5
OTU6809	1		1	1		1	1			1		1			1	1			1	1
OTU6816	20	17	18	11	30	8	23	13	12	27	23	18	4	32	18	19	10	20	23	22
OTU6837					4		1			2	3			2	1	1		1	1	2
OTU6841	42	39	31	36	65	32	70	46	27	62	43	48	17	104	84	62	17	79	79	65
OTU6845	6	1	5	2	3	5	6	1	6	4	8	3		9	1	5		6	11	3
OTU6847	11	8	13	16	16	6	18	10	6	6	26	9	3	14	16	24	3	11	13	23
OTU6854	13	8	15	6	15	3	12	6	13	17	13	32	1	5	8	16		6	19	8
OTU6855	1	1	2	1	2	3	5		3	4	4	1			2	3		1	1	1
OTU6870	8	3	2	1	13	3	8	5	6	10	3	7	1	8	11	5	2	6	18	7
OTU6880	14	21	7	8	30	16	11	13	14	16	13	15	3	10	23	14	5	14	21	18
OTU6898	7	7	5		17	4	2	4	10	15	4	15		6	22	3	1	1	26	13
OTU6932	6	3	5	10	22	6	13	8	10	10	3	8	1	4	12	10	6	4	22	14
OTU695	4	10	19	13	16	8	16	7	3	11	13	19	1	10	19	14	5	10	10	14
OTU6957	1	1	2	1	4	4	1		2	1	2	2	2		6	5	1	4	9	3
OTU6981		1		2	1	1	1			1	2				3	2		1	3	1
OTU6986	3	6	1		1	1		4	4	1	3	5	1	1	5	1		3	5	3
OTU6987	4	9	4	7	4	6	15	5	6	3	7	6		9	32	10	3	13	16	14
OTU6990	1	4	1	1	1	1			1	4		2		1		1			2	
OTU6995	1		1			1	1	1			1			1	1	1				1
OTU6999	5	1	1	2		5	3	6	5	6	7	6		4	14	5		9	16	5
OTU7019	5	3	2	1	2	2	2	3	2	2		4		3	8	5	4	6	7	5
OTU702	2						2	1	1			2	1	1	1	2		2	2	
OTU7020	10	6	4	5	8	5	5	4	5	13	4	7	1	12	21	8	4	5	21	4
OTU7025	1	1		1	1		3			2	1	1		2	3	1			1	1
OTU7026		2	3	3	8	2	2	2	4	2	2	1	2	1	3	3	2	6	5	3
OTU7034	2	1	1	3	1	2	1	1	5		1				1	1		1	6	1
OTU7038	63	66	51	64	23	70	36	64	57	52	46	46	98	35	1	31	79	30		15
OTU7040	2	2	3	2	2	1	3	3	4	5	2	1		4	2	6	2	1	5	5
OTU7041		2	4	6	3	3	9	6	5	4	3	8	1	5	7	7	1	2	2	6
OTU7050	2	4	3	2	7	3	3	4	2	7	7	14	1	1	2	1	1	1	6	7
OTU7073	1		3	4	8	2	7	3	1	1	2	3		5	1	5		10	3	9
OTU7083	104	126	86	103	174	101	109	80	66	162	124	124	26	129	231	140	59	192	210	189
OTU7087	6	13	6	7	16		9	3	8	6	14	9	3	13	18	9	4	13	23	10
OTU7091	3	2	2	3	5	2	5	1	2	1	1		2	2			2	4	3	4
OTU7092	39	33	32	34	55	22	30	31	29	53	39	48	10	48	24	43	11	32	32	51
OTU7111					1		2		2	1	1			1	1	2	1		1	
OTU7115	1	4	2	4	5	1	3	1	4	1	2	4	2	5	1	2	1	4		1
OTU7117	1	2		1	1	1			1	2	1	4			4	2		4	4	2
OTU715	1	4	3		2		2		1	5	2			2	6	6		4	9	
OTU716	1	2			2	1	1	3	1	9	5	2		2	3	4		1	4	5
OTU7173	12	12	13	8	15	8	6	16	14	12	17	29	1	22	13	18	6	12	19	35
OTU7179	2		6	1	3	3	4	4	2	5	1	1		1	3	5		6	3	8
OTU718	7	8	12	8	8	6	13	15	11	12	22	19	3	16	15	17	4	19	15	22
OTU7202	1	1	1		1	1	1	1						1	3			2		1
OTU7207			2	1		4	1	1	1	1					2	5		2	2	
OTU7221		2		1	1	1	3	2	2	1	2	6	1		12	2		4	7	2
OTU7248	2	7	4	6	18	5	7	3	3	10	9	11	3	5	6	7	1	9	7	7
OTU7249	7	11	7	10	13	12	18	11	7	9	6	32	3	8	24	15	3	26	11	23
OTU7254	4	5	5	12	2	3	11	2	3	9	2	7	1	4	21	12	3	12	17	5
OTU7265	1			7	1	2		1		3	1	2		2		2		2	5	1
OTU7284	1	4	1	1	4		1	2	3	1	5	5	1	3		2		1	2	2
OTU7285	5	6	8		4	6	4	5		8	4	6	3	2	2	1		3	9	2
OTU7287		2	1		2		1		1	4	1	1		1		4			1	3
OTU7290		3	3	1	2	2	2	4	1	2	1	3	1	1	4			1		5
OTU7293	2		2	2	5		2	1	4	1	4	1		3	4	1	2		2	1
OTU73	6	7	5	3	6	7	4	3	3	8	15	10		6	10	4	6	3	12	3
OTU7302				3	2		3		2	2	1	1		2	5	1	1	1	4	3
OTU7303		1		1	4			2	2	5	3	3		3	5		1	2	1	
OTU7304	6	3	2	5	6	3	9	6	3	2	7	2		4	19	8		5	8	5
OTU7305	1	1		1		1		1		1		1			1	2			2	
OTU7307	1		2		2	1	1	2			1			1	4				2	2
OTU7308	1	1	1	1	1		1				2	1			2				2	1
OTU7318	2		1		4	1	2	1	3		1	3	1			1		3	2	2
OTU7321		1	1	1	1		1	1	1		2	2			1	1	1		2	1
OTU7343	2	2	1	4	5	4	3		3	1	5	3	3	2	4	2	2	5	4	3
OTU7353	11	2	10	7	11	4	9	5	5	17	17	6	3	4	5	5		2	5	7
OTU7359	2	2	2	1	4	3	2		1	3	1	2	1		1	6		3	1	5
OTU7375	2	1	1	2	1	3	1			5	2	7	1	1	2	4		1	5	5
OTU7381	3	1	2		1	1	1	4	1		2	1		1	1	3		3	1	5
OTU7393	3	3	4	3	4	1	5	2	1	4		6	1	4	3	2	3	2		
OTU7394	7	8	5	9	6	3	9	3	4	11	7	8		12	8	5	2	4	12	12
OTU7395	2		3		3	2	4	3		3	1	2		4	4	1		1	7	5
OTU7410		1		4	1	1	1	1			1	3	2				2	1	1	2
OTU7416		1	2	3	1	2	1	3	1	3	4	2		5		3	1	1		
OTU7422			1	1	7		1	1	1		1	1			8	5	1	1	20	2
OTU7423	13	9	3	6	25	6	14	4	10	12	8	7	5	7	30	6	8	16	32	12
OTU7424	12	5	14	11	14	10	25	6	6	15	15	14	6	18	28	22	5	14	32	29
OTU743	4	4	4	4	2	8	10	2	4	3	6	3	1	7	5	9	3	6	5	11
OTU7440	99	191	63	211	217	112	262	118	92	109	129	176	37	141	273	280	51	281	227	238
OTU7443		1	1	3	3			1		3					2	1	1	2	2	1
OTU7449	12	10	17	8	19	9	7	7	9	14	21	12	2	8	15	18	4	21	22	17
OTU7452	8	3	8	3	6	9	8	6	3	8	3	5	4	5	9	14	1	5	5	4
OTU7471	13	32	30	30	31	20	38	15	22	48	25	18	10	27	66	41	12	53	56	50
OTU7481			2		1	1	1		1	1	1			1		1		4	2	1
OTU7485	1	1		3	3		2	1	1	1	3			1	4	2		4	3	3
OTU7490			1	1	1			1		2	1	1		2	1			2	1	
OTU7503	7	2			3	5	3	1	3	1	3	3		1	9	3		1	1	6
OTU7505		1				1	1	1				1	1	1	3	3			3	
OTU7509	1	2		1						2	1			1	1	1		1	4	
OTU7510	2	1	2		2	2	3	2	1	2		4			2				2	1
OTU7513	1	1	4	2	3			1		1		2			5	3	1	3	1	3
OTU7520		1	1		1	5	2	2	2						2	2	1	1	3	
OTU7527	38	67	51	94	75	45	93	63	26	56	33	72	13	72	130	123	33	150	85	137
OTU7529	1	1	1		1	1			1	1	2			2	1		1			1
OTU753	1					1			2	1	1			1	1	1		1	2	
OTU7532	1		1		2	2			1	2	2	2		2		2			1	1
OTU7540				1	1	1	1	1	2			3		2	7	3	1	5	3	2
OTU7544		3		1	6	4	3	2		3	1	1	1	3	8	3	2	3	14	6
OTU7549	24	21	20	13	18	18	50	17	13	25	35	17	9	27	8	25	12	19	21	26
OTU7557	1	1		2	4	1		4	2	1	3	1		2		3		1	4	3
OTU7560	9	8	7	1	6	4	4	11	2	20	10	5		14	4	1	1	4	10	3
OTU7566	6	8	9	6	8	6	7	6	10	12	14	5	1	1	9	8	1	12	8	15
OTU7577	2	4	1	3			5		4	2	1	1		5	1	1	1	3	2	3
OTU7578	3	1	1	3		2	2	3	9	3	7	4	13	4		3	2	3		1
OTU7593		1	1	1	1		2			1		1		2	4	2	1	1		4
OTU7611	1	1		1	4	3	5	4	1	1	3	1		1	6	2		3		6
OTU7644	76	63	47	59	119	41	103	76	50	83	83	82	15	96	103	122	47	133	121	157
OTU7660		2		2	1	1	1			2		1		1		4	3	1		2
OTU7663	3	3	9	2	3		5	5		2	8	1	1	7		5	6	8	5	17
OTU7689	1	7	6	3	4	2	6	6	2	5	4	5	1	3	1	5	1	4	1	6
OTU7691	1		2	2	5	1	1	1			1	9	3	2		8			6	3
OTU7693	3		1		1	1	2	2	3	1	2	1	1		1	2	1		2	1
OTU7695	2	1	2		4			2	3		1			2	2	2	1		4	1
OTU7698		1				2	1	3			4	4		5	6	8		2	2	10
OTU7713	2	1	1	1	1	1	1		1			4				1			1	1
OTU7716	13	8	7	5	11	7	12	8	10	13	13	4	2	2	10	9		6	12	9
OTU7718	3			1	2		1		1					1	1	2		1	3	
OTU7731	2		1		1	3	4	1	4	2	1	4		2	3	1		1	2	4
OTU7732		2	1	1	2	1		2	2	2	2		1	4	1	4	1	3	4	1
OTU7736	4	1			1	2	1	1	2		1				2	4		1	4	
OTU7738			3			1	2	2	1	1	5	1		1			1			1
OTU7741	7	3	3	3	1	4	8	3		8	1	2	4	4	5	6	5	5	6	8
OTU7744	79	156	67	153	223	83	208	89	74	128	119	144	33	108	277	260	78	274	254	252
OTU7760	1		2		1	1		2	1	1	1	4		2	4				1	4
OTU7765	4	5	3	8	13	2	12	2	4	11	7	10	2	8	18	8	4	23	21	16
OTU7767	5	3		1	2	1			1	6		3		3	5	2	3		3	4
OTU7769		2	1	1	2	1	1			2	1				1	2		3	3	2
OTU7774				1	5	2	1	5			1	1		1	1	2				1
OTU778	10	34	12	16	26	8	17	12	12	27	23	31	5	16	60	13	11	20	40	20
OTU7782	18	32	24	33	24	17	29	40	18	41	26	32	5	28	43	36	9	37	55	36
OTU7800	4	1	2	1	2	4	4	1	3	6	6	5		3	9	1		3	4	3
OTU7813	1	4	1		1	1	4	2	3	1		2	1		1	2	1	1	4	2
OTU7815	3	7	3	5	1		4	10	2	3	6	8		4	1	4	1	3	9	5
OTU7825	21	44	23	34	16	19	61	41	10	19	24	27	7	21	6	14	17	18	8	20
OTU7831	9	3	4	5	10	11	5	4	5	13	8	11	3	6	17	11	2	4	15	13
OTU7836	6	1	2	4	4	3	3	5	14	2	8	5	13	6		2	6	1		1
OTU7853	6	5	4	4	5	7	3	1	3	4	10	8	1	5	2	3		4	5	5
OTU7854	5	1	1	3	1		4	2	2	3	4	2			1	4	1	7	1	5
OTU7860		6		5	3		1	3		3	1	1	1	1	1	1	2	2	3	2
OTU7880	3	5	1	2	5	2	7	2	3	5	3	1		6	7	5		4	4	4
OTU7881	15	13	14	11	17	13	16	8	10	12	16	12	3	10	10	15	1	31	12	20
OTU7882	1		1	2		2	2	2		2	1		1				1	2	1	2
OTU7883		3		1	1		4	2		4		2		4	2	1		2	2	2
OTU7887	1	1			3	1	1	2	1	1	1	3			3	5		4		4
OTU7899	1	1	1	2	1	1	2	1			1	1	1		2	3	1	3		
OTU7902		1	1		1		2	1		2	1	1	1	1	4	1		1	1	3
OTU7907	15	17	26	41	25	22	44	25	9	21	25	26	3	25	46	31	21	41	32	43
OTU7908	1	1	2	5	2	1	4	2	4	4	3	1		8	5	3	4	1	12	2
OTU791	45	39	41	43	65	24	49	60	45	57	60	49	9	73	62	51	19	49	67	57
OTU7911	2	2		1	2			2		3		1	11	4	4	5		19	11	20
OTU7913	1		5			2	1		2	3	2	2		1	1		1	1	5	2
OTU7919	4	8	1	15	4	14	13	9	5	3	11	10	16	6		4	22	3	1	6
OTU7936	2	1			2	1			1			1		2	1	1		1	1	1
OTU7947		3		4	2	1					1		1	1	2	1		1		
OTU795	2	2	1	1		1	1		2	3	2	3			1	1		2	4	6
OTU796	2	2	2				2	1		1	2	3	1				1		3	2
OTU7971	2	1	2	4	6	2	3	3	2	4	6	6		4	1	2	1	1	5	2
OTU7976	70	75	64	93	80	43	167	87	54	78	75	78	16	46	162	155	13	86	127	189
OTU7977	3	2	5	4	1	4	12	2	8	3	2	13		3	8	3	2	2	3	6
OTU7982	3		3	3	2			1	1		5	4		1	6	1		2	3	
OTU7986	1	1	4	2	3	1	1	1	2	3	3	1	2	1	1			2	3	2
OTU7987	2		2		1		3	2			1		1	1	1	4		2	1	1
OTU7989	1		1		1	1			1	3	1				2	2			3	3
OTU7993	1	3	2	2	1	2	2		1	1	2		1	1	2	1		3	1	4
OTU7994	3	3	9		13	6	4	8	2	6	7	9		7	12	8	4	4	7	15
OTU7997	4	6	6	10	9	5	16	13	4	7	8	8	1	7	21	20	2	7	20	29
OTU80		1	1		1	1	1			3		1		1		1		2		
OTU8005	1	1	2	1	1		2	1	1	2	1	1		2	8	2	2	2	1	1
OTU8020	1	7				3			1	6	1	6	17		53	13	33	5	32	2
OTU8048		1	1		2		5	3	1			1				3		1		1
OTU8051		1		1	1	1	3	1	3	3		3	1	1	3	5		5	4	2
OTU8053	3	1	5	8	8	3	9	5	4	5	5	7	3	7	17	18	3	14	20	12
OTU8055	24	38	26	32	41	24	31	22	29	32	26	36	10	19	116	38	10	54	75	54
OTU8074		7		2	9	1	8	2	6	1	4	7		4	12	9		8	14	13
OTU8080	3	8		6	1	3	1	2	9	3	3	3	27	5	6	1	8	6	4	2
OTU8099	1	2	1		5	3	1	1		1	3	3			2	2		2	1	4
OTU8104	3	1		1	1						1		2	3	4	3		4	2	
OTU8105			3		2	1	1	1	1	1	1	2				1		3	2	2
OTU8114		1	1		3		1		3	1	4			1	3	1	4		3	4
OTU8115	2	1		1	2	2	4	1	2	2	2		2	2	3	5			4	3
OTU8120	2	5	6	2	7		2	5	6	6	9	6		3	2	2	1	8	4	2
OTU8121	1		2	1	4	1		3	2	4	2	1	1	2	3	1	1	1	2	1
OTU8122	2	1	4	5	3	2	9	3	4	9	10	6		1	3			1	5	5
OTU8126	1			3			1	2	1	1	1	3						1	2	
OTU8147	9	7	4	6	10	3	11	4	2	11	8	15	2	11	7	13	3	11	10	14
OTU8159	4	4	5	3	3	6	3	2	1	2	2	2	2	3	4	2	2	5	6	5
OTU8162			1		2	3	2		2	2	1	5		2	2	3		1		2
OTU8166	1	1	1	1			1			2	1			2	6			2	3	4
OTU8171	1		1			2	1	1	1	1	3			2	1		1		1	
OTU8172	2	5	3	1	2	6	1			2		6		1	1	2		1	2	4
OTU8174	3	5	5	6	8	4	5	10	8	9	11	7	4	4	9	2	1	12	9	9
OTU8177	1	1	1		3					2	1	4		2	1	4			2	3
OTU8182	4	3	2	1	2	2	4	3	2	2	5	2		1	3	10		7	2	5
OTU8186	7	9	10	5	7	9	6	4	2	13	11	13	4	5	18	19	5	24	9	13
OTU8191	4	1		1	2			1	1	1	3	2			1	2	1			
OTU8192	3		5	2	8	2	4	3	2	7	4	3	1	4	1	1		4	3	6
OTU8195	39	35	34	38	52	41	53	29	36	46	61	55	16	55	60	68	21	77	49	96
OTU8199	12	12	10	8	24	9	13	16	11	17	9	8	4	13	29	29	3	43	21	43
OTU82		1	1	5	2	1	4	3	2		1	2		3	4	4	2	2	2	1
OTU8211	2	1	3	1	5	1	1		1	1	3	3	2	2	2			5	4	4
OTU8214	1	2	4	1			1		1	5	3	1			2	3		1	1	5
OTU8218	13	6	3	11	21	1	19	9	4	7	9	3	3	20	18	8	6	9	13	18
OTU822		1	1	1	3			1		1	2			1	3	1		5	2	1
OTU8224	1	2			1		3							2	4	4		4	2	1
OTU8225	1	1	1		2		1	2	2	1	1	1	1	1	2	2		2	3	2
OTU8226	9	17	5	3	8	3	11	12	4	11	12	6	2	7	2	10	2	4	8	4
OTU8230	1	1			2	2	1		1			3		1	2	1		1	1	3
OTU8235	14	11	16	10	31	5	14	23	12	24	16	15	4	17	26	14	3	26	22	25
OTU8260	3					2	2	1		1	1	5		2	6			1	2	6
OTU8273	1	3	3	3	5	5	1	6	1	3	2	2	1	2	9	6	2	8	2	2
OTU8274	1	1			1					1	1				4	2		3	1	3
OTU8275	55	45	51	48	48	33	58	38	35	48	59	68	11	52	72	71	16	68	71	91
OTU8285		3	3	6	5	8	7	2	2	12	1	11	3	4	1	5	7	4	5	2
OTU8288	3	6	4	7	9	4	12	5	4	6	7	10	1	6	22	13	2	16	20	16
OTU8289				1			2			1		2	1	1	5	2	1		18	1
OTU8291	1	1		3		1	3	1	1	2		4			4	2	2	1	6	8
OTU8298	3	1	2		1		1		1			4			2	1			2	2
OTU8299	2	3	5	2		1			1	3	1	3	1	4	2	2	1		4	
OTU8307	2	2	3		4		3	1	6	1	6	2		2	2	1		2	2	
OTU8318	21	10	5	10	19	10	17	19	10	24	13	19	6	6	22	17	2	19	20	34
OTU8326	2	15	11	14	7	9	12	8	9	16	7	28	1	11	26	13	4	13	20	9
OTU8329	3		1		1	1		1		1	1	2		1	6	2		1	1	
OTU8342	3		6	3		1	3	2	2	3	7	5	1	3	15	5	3	3	11	4
OTU8353		1	3	1	1	1	2			1	2		1	1				3	1	1
OTU8354	1			3	1	1	1	1			3	3		4	3	1		1	1	2
OTU8360		4	4	2	5	2	1	3		1	1	2		3	5	5		5	6	1
OTU8370	6	9	10	20	11	7	17	15	4	9	6	12	3	7	14	16	6	19	12	12
OTU8376	2	4	1	3	1	1	1	4		2	2			2	6	6	2	4	3	2
OTU8379	1	3		4	2	1	3	1	2		2	4	1	2	10	4		3	9	3
OTU8391	9	12	7	23	10	29	8	12	23	24	10	19	32	10	10	11	24	5	8	8
OTU8402	6	1		1	1	4	3	1	3	2		3	1	4	5	4		3	2	3
OTU8403	12	12	6	4	10	5	7	10	1	13	6	10	3	9	3	15	4	15	7	20
OTU8405			1	2	4	1	1	1	2	1	1	1		2	8	8	1	4	8	3
OTU8406	1	1	3	1	1		1			1	5	4		3			2	2	1	4
OTU8410	2	1	2	2	3	1		4	2	2	3	4	1		4	3		2	4	4
OTU8415	1	1	2	1	2	3				1		3				1				1
OTU8418	367	620	417	800	473	702	440	592	692	357	621	293	876	771	14	141	841	225	37	115
OTU8421		1	1	1	2	1			1			3			2	2		1	5	
OTU8424	1			1			2	1		2					1	1	2	1	2	
OTU8430		1	3	1		2	1	2		2	1	2				2				
OTU8431	5	2		2	4		2		1			2		1	13	4	1	4	11	4
OTU8434	4	6	3	7	7	11	9	3	4	6	7	12	3	8	16	20	6	15	10	16
OTU8435	1	3		1	2	1	1			1	1				2	1			2	
OTU8438	1	1		1			2	1		4	1	2			5	2		1	5	2
OTU8440	10	3	5	2	5	3	6	5	3	1	8	8			4		3	1	4	2
OTU8443		1	1		1	1	4	1		1				2		2			1	
OTU8444	9	9	8	3	9	3	12	9	6	6	13	12		5	7	6	7	10	10	16
OTU8446	6	9	11	11	10	9	7	5	4	6	5	10	1	10	42	13	6	16	32	21
OTU8447	1	2	5	8	4		8	3	2	7	6	5	1	6	9	4	1	1	4	5
OTU8449			3		1	1	3	1		1	1	4		1	1	2	1		1	5
OTU8450	1	1	1	1		1	1	2		2		2	1	1	1			9	2	
OTU8451		6	1	1	3	2	4	3	1	2	3	2		1	7	4	2	7	7	4
OTU8453	2	2	3	1	4	1	1		1	3	1	4		1	4	1		4	3	1
OTU8458	3			2	1	1		1	2	5	1	2		5	3	1	1		2	3
OTU8467	3	1		2	5	7	1	3	3	2	5	12	1	3	6	3		5	7	6
OTU8476	12	21	9	27	20	13	17	27	18	15	17	12	27	12	13	8	20	11	19	4
OTU8478	3	2		1	1		4	4	1		3	7	1	1	8	4		7	1	2
OTU8490	21	24	14	27	40	17	34	36	24	30	37	42	9	35	41	40	6	34	47	49
OTU8510	7	4	7	2	5	2	7	3	4	11	5	4	4	9	8	13	6	11	6	11
OTU8517	2	1	2	1	1		2	1		1	5	3		1	1	1			2	
OTU8520		1	1		2	1	1		2	1	4	2		2	3	2	1	4	2	1
OTU8521	4		1		1		1			1		1		1	1	2				1
OTU8527	3	3		3	6	3	8	1	2	3	3	10		1	6	4	3	6	5	9
OTU8528	2	3	1	1	2	1	1	4	3	2	4	4	2		2	6		7	4	2
OTU8529	4	4		2	2		6	7	2		5	4			2	2		3	4	4
OTU8531	4	5	3	6	10	4	5	7	5	11	3	8	1	6	13	6	2	16	13	11
OTU8532	3		6	7	3	2	6	4	1	3	5	5	3	3	8	9		8	10	12
OTU8536	2	4		1	3	2	4	1	1	5	2	2	2	2	7	8		6	7	4
OTU8538		6	3	3	2	4	9	4	3	5	2	7		4	3	6	2	6	5	4
OTU8543	5	1		1	1	3	5		1		3	1			5	1			2	
OTU8544	1		1	1	3	1	3	1	1		1	2	2	3	1	2		4	1	4
OTU8545	1	1	2		1	1	1	1				1	1	1			1		1	
OTU8548	1			1	2	1	1		2	2		2	1	1	2	1			4	1
OTU8552	1			2			2	1	1	1	3	2		3	4	2	1	3	4	1
OTU8554	31	21	9	13	18	22	14	10	44	12	11	5	18	5	3	8	15	8	6	3
OTU8555	4	3		1		2	2		1	4		3		1			1		4	1
OTU8583	443	1184	563	1732	580	753	1289	1097	497	1095	790	629	1234	845	26	522	1747	462	86	301
OTU8594	7	13	5	12	12	3	17	5	7	5	5	18	5	12	25	18	3	6	18	16
OTU8603	5	6	7	4		4	7	23	20	8	5	1	24	7		3	6	2	2	2
OTU8610	2	4	2	3	5	2	2	3	1	4	1	2	2	2	4	1	2	2	4	2
OTU8624		1		1	2		2	1			1	1		1		1		3	1	
OTU8625			3	4		2	3	1	1	1		1		2	1	7	3	2	3	5
OTU8631				1	2		3	5	1		1	1	1		3		2	2	12	8
OTU8635	1		1	3	5	1	5	2	1	3		3	2	1	6	4	2	7	2	3
OTU8637	2		1		2	2	3	1			5	2		4	1	3		1	2	
OTU8638	1	1		2	1		2			3	4	4		2	9	4		4	1	1
OTU8641	4	1	2		1	3	2				1	1			1	2	1	2	2	3
OTU8643	13	17	11	14	11	7	21	19	1	10	11	19	4	7	24	21	3	26	21	16
OTU8645	13	9	12	5	4	11	18	5	5	15	26	20	1	9	3	15	6	20	24	10
OTU8646	7	6	9	8	15	7	12	6	4	5	4	8	4	3	9	11		15	7	7
OTU8649	12	12	11	5	17	13	18	14	16	17	20	19		15	12	15	4	11	15	20
OTU8651	1	1	1			2	1			2		1			1	1				3
OTU8654	1	2	8			1	3	1	1	3	4	1			4	3		1	3	3
OTU8657	162	127	155	146	167	130	176	175	126	162	195	197	38	159	182	183	82	231	247	270
OTU8658	21	41	39	33	39	23	41	33	32	31	41	39	11	22	60	51	7	109	66	65
OTU8659	3		4		1		2	1			2	2	1			1			1	1
OTU8678	111	117	109	92	167	69	131	111	92	121	158	123	30	93	155	167	23	216	188	198
OTU8689	3	1	7		8	3	1	6	6	3	3	5		4	14	8	3	16	7	5
OTU8695	19	6	7	4	20	8	14	9	14	5	11	8			58	22	2	6	40	27
OTU8699	1	1	1	2	9	1	2	1	1	2	1	1	1	1	5	9		6	5	9
OTU8700	12	30	13	21	33	14	37	13	18	14	28	26	7	32	47	41	8	47	39	63
OTU8711	2	4		7	7	4	2	1	7	6	7	5		6	6	9	1	7	7	6
OTU8715		2		1	5		2	1		1	2	1	1	1	2	2	1	1	2	1
OTU8716	1	6	3	6	4	4	2	3	3	8	7	8	1	2	4	2	4	7	6	9
OTU8727	1	1	2	1	3	1	4	2	1	3	7	4	1	4	7	5		3	4	4
OTU8729		3		4	4	1	5	2	2	5		6	1		3	1	2			2
OTU8732		2			2	1		1		1	1	1		1	4		1	3	3	1
OTU8733	1	1	1	2	2	1	3	1		2	4	1		1	6	3	2	2	1	4
OTU8741	1	2	7	2	1	1	4	2	3	4	3	4	3	9	6	3	1	6	2	6
OTU8742	2	6	7	4	7	8	9	1	2	3	4	6	1	4	13	9		14	22	11
OTU8745	2	2		2	1	1	3	2	2	1	2			2	1				2	
OTU8751	3	6	3	7	5	3	5	4	2	7	3	3	2	7	20	7	3	9	26	9
OTU8755	2	2			2	2	1	1		1		6				3		1	6	2
OTU8757	6	12	11	5	10	8	9	7	3	7	10	5	4	4	13	8	1	5	21	5
OTU8777				2	6	1	2	2	1	3	1	5		2	4	4		2	4	4
OTU8784	26	26	20	23	19	25	16	48	42	17	24	12	40	42	4	10	22	17	7	14
OTU8797	2	2		1	1		2	3	1		2	3	1	1	1	1		2	1	
OTU88	2	3	2	4	6	1	10	1	1	4	1	2	1	4	9			3	10	4
OTU8804	21	29	40	44	61	29	35	38	20	34	32	46	10	57	60	50	13	75	60	71
OTU8808	2	2	1	1		1	2		4	3	1	4		1		5		1	3	5
OTU8819	2		2		1	1	1	2	2			1		1	1	1	1	2	3	2
OTU8820	4		1	1			1			6	4	1		2	2			1		3
OTU8822	16	12	7	3	17	4	7	6	5	19	5	11	2	4	12	6	1	19	11	10
OTU8824	3	1	1	2	4	2	1	1	3	3	1	5		4	1	1			5	5
OTU8825	1	1			2	1	1			4		2				1		1	2	4
OTU8828	11	4	2	3	5	5	6	3	4	2	8	4		3	5	5	1	6	5	5
OTU8832	2	1		1			3		1	1	4	2			8		1		3	2
OTU8833	5				1		1	2		2	2	3		1	3	1			1	3
OTU8844	2	1	1	1	2	3	4	3	4	1	1	1		2	5	1		1	1	2
OTU8862	3	8	8	7	7	2	5	2	2	8	7	13	1	6	8	6	3	2	15	2
OTU887	1	1	1	1			1		2	2		1		2	1			1	2	2
OTU8876	209	241	249	203	287	168	267	242	211	294	251	436	64	293	376	302	80	272	371	329
OTU8880	5	4	2	8	11	2	3	6	1	5	6	7		4	9	6		11	5	7
OTU8881	21	18	18	15	35	25	25	28	16	28	31	31	7	22	33	30	9	17	48	24
OTU89	2	2	1	2		1			1	2				1	1			1	1	2
OTU8907	5	13	2	4	23	11	9	5	4	9	4	26	5	6	35	27	2	29	59	22
OTU8919	11	11	5	6	14	5	11	7	6	12	11	18	2	17	22	23	4	18	24	20
OTU8925							2	1	3	3	3	4	2	3	4	1	1	2	1	5
OTU8946		2	1	4	4	2	3	6	3	4	3	2		3	2	3		5	5	5
OTU896	15	14	11	19	14	11	13	14	12	20	14	8	2	11	43	23	3	15	26	18
OTU8976	1	12	4	12	18	4	14	16	9	11	9	12	1	7	30	18	9	16	21	22
OTU8991			1	2	2	1	2							1	4	3		1	2	5
OTU8996	2		1	3	1		2				2			2	2	3	1	4	3	4
OTU9008	2		5	1	2	1	1	1						2	1				3	4
OTU9061	1	1		1			2				1	2			3	2		3	3	1
OTU915			1		1	1	1		2		2			1	1	1		1	4	
OTU919			1		2				1	3	1	1			4		1	1	5	
OTU925	2	4	3	8	8	4	6		2	5	1	10	2	5	5	9	2	9	10	5
OTU930	2	4		5	1	3	5	2	5	5	4	7		1	10	4	3	6	15	9
OTU939	3			2	1		1				2	2		1	4	1		2	1	1
OTU964	1	1	2	2	2		2	1		2	1	1		1	6	2	1	3	5	6
OTU97	2			2	2	2	1	2	2	2	8	2	1	3	2		2	2	1	1
OTU983	7	3	2	3	5	3	4	2	3	6	2	6		4	8	6	2	5	9	9
OTU991		1	1	1	2		1	2			1	2		1	2			1	1	3
OTU994	9	10	4	11	16	9	31	7	6	18	15	23	6	22	25	27	5	22	16	17
