OTU103	2	2	5	7	4	2	5	9	3	2	9	12	1	4	1	8		11	5	
OTU1036			3	1	3	2	7	2	4		2	2		1		2	3	6	4	
OTU1080	155	42	47	80	53	67	104	131	40	20	54	80	9	72	42	45	15	74	77	30
OTU1099			3	1	2	2	2	2	1		2	3	1			5	1	2		1
OTU110	181	312	212	103	52	101	100	59	134	99	173	117	112	60	233	111	3	51	119	341
OTU1108	2	8	72		2	1	1	3	8	19	3		1	3	37	7		1		38
OTU1117			1		4	1	1				2		1	1	1	2		1		
OTU1119			10	5	17	11	6	10	3	3	9	6	5	5	6	4	8	5	4	
OTU1120	1		3	2	2	3		2	1	1	2			1	2	2		3	2	
OTU1123			1	3	3	3	3		2	1	2	2	3	2		1		1	1	
OTU1189	1		2	4	5	5	1	3	1		5	1	1	2	2	5	1	2	2	1
OTU1234	1			4		2		1	1	1	1	1		2	1	1	1	1		
OTU1280		1	3	2	2	6	6	9	2	1	1	6	1	4	4	4	2	5	2	
OTU1301		1	1		1	1		1			3	1			2			1	1	1
OTU1306			1	1	2		1	1	1		2	2	3		2			2		
OTU1319			1	1	1	3	1	4	1		3	1			2	1		2	3	
OTU1321	4	1	5	12	8	8	11	10	7	1	9	8	3	3	2	8	9	4	9	1
OTU1345	2	4	17	4	1	1		2	21	7	2	4		1	20	1			2	11
OTU1365	1		2	3	5	5	1	6		1	2	4	3	1	1	5	2	1	4	
OTU1380					2	1	2		2	1	1	2		1	1	1	2		1	
OTU1382	1	3	3		1	1	2		1	4	1	1	6	2	6	4			1	6
OTU1402	12	3	8	9	12	11	11	14	9	1	13	12	7	8	5	11	1	8	2	
OTU1423			1	1	4	6	2	2			2	2		2		1	1	3		
OTU1425	6		12	9	6	11	7	17	3		9	8	6	16	2	9	11	23	10	5
OTU1431			1	3		2	1		1			4	1	1	1	2		2		
OTU1449	1	1			1	1	1	2			1			1	1			2		
OTU1452			6	6	5	14	6	9	1	2	6	8	6	3	3	7	7	6	5	
OTU1457	3		1	2	1	1	1	1				3			1	1			8	1
OTU1463			2	3	3	4	2	2			3	4		6	2			4	5	
OTU1464			2	1	1							1	1	1		1		1	2	1
OTU1479			1		5	2	3			2	1		2		1	1		1	2	
OTU1481			1		1		1	4	1			2	1			4			1	1
OTU1504				2	4	1	1	3	1	1				1	2			4	2	
OTU1506					2				2		1	1	1	3	1	1		2	2	
OTU1508		1	4	7	13	6	11	7	3	4	9	12	6	6	6	9	2	10	9	
OTU1513			2	1	4	2	3	8	1		2	5		2		7	1	4	3	1
OTU1546			2	3	2		1	3	3				2	1		5		5	2	
OTU1554	2		2	1	2			2	1	1	1	1		1	1	2				
OTU1557			3	5	6	1	4	4	1	2	3	4	2	3	1	7	1	4	2	2
OTU1605	1		48	48	123	82	67	77	60	28	56	71	47	48	60	106	35	72	37	7
OTU1621	1		1	1	4	2	9	6	2		5	3	5	4	4	3	2	6	3	
OTU1661	1	2	2	2	7	3	5	5	2		2	8	1	5	2	3		4	1	2
OTU1675	1		3	2	7	5	9	7	8	2	8	4	2	6	2	9	1	8	4	
OTU1677	11	3	14	18	28	14	18	18	5	1	13	9	6	18	11	23	4	24	12	5
OTU1685			2	1	4	1	2	6			1	2	2	2		1		2	3	
OTU1686			1	1	3	2	2	1	1	1			1		1			2	2	
OTU1693		1	1	1	1				1		2	2	1			2	1	3		
OTU1694	3	2	5	4	12	4	9	6	3	2	1	5	1	7		7	2	6	5	
OTU1700			1	1	3	3	3	5	1	1	2	1	3	5	2	2		5	3	3
OTU1704		1	2	5	5	9	9	6	3	1	4	8	2	3	6	12	3	6	4	2
OTU1707					1	1	2	3		1	1	1	3	1		1		2		
OTU1723			4	3	4	4	6	2	7	2	2	7	1	4	4	4	1	1	2	1
OTU179	2		2		1	1		2		1	3	2		3	1	1				
OTU1810	1	1		2	2	1	2	2		1	2	1		1	1			1	1	
OTU1853					4	1	1	3			2	1	1		1			1	1	
OTU1874	3		9	10	16	16	5	10	8	6	6	10	7	6	12	9	3	9	11	1
OTU1898			6	2	9	3	3	2	4	2	2	4	5	6	6	11	6	4	2	2
OTU1920			1		5		3	1	3	2					1	2		1	1	
OTU1936	2		26	28	34	31	17	42	20	14	12	23	14	27	32	20	4	26	33	3
OTU1938			4	3	1	2	1	1		2			1	2	1	2		1	1	
OTU1945	3	1	15	9	18	7	17	15	7	3	11	14	19	7	8	24	1	14	6	
OTU1954			2	4	1	1	1	1			1	2	1	1	2		4	2		
OTU1995	1	1	1	1		1	2							2	1	2	1		1	
OTU1999	40	37	17	10	36	13	19	12	12	1					1	1	1	1	5	8
OTU2009	23	7	18	10	26	25	14	13	12	37	15	11	18	18	12	16	2	19	18	12
OTU2064				1	2			1				1	1	1		2	2	1	1	
OTU2086	6	1	52	51	94	53	63	83	32	16	30	56	28	49	42	104	8	70	33	3
OTU2141			3	1	6	3	5	5	1	1	1	3	5	1	6	6		11	2	
OTU2179	46	86	65	21	23	22	18	17	49	45	30	19	14	14	71	24	1	14	38	80
OTU2183			2	3	1	4	1	2	3	1	2	3	1	2		3	1	2	1	
OTU2185			1		4	1	2	1	2	2	1	2	2	3	2	3				
OTU2198	13	41	41	5	12	6	2	6	10	15	17	5	2	3	32	13		5	8	33
OTU2224	3	3	1	6	4	4	2	7	1	2		3	3	4	1	5	2	2	2	1
OTU2251	1	1	3		2	1	2				2			2	1				1	1
OTU2252					5	4		2		1	1	3	1		1	2	1		1	
OTU2262			1	3	5	6	4	1			2	5	1	1	4	1		7	3	
OTU2268			1		2	3		1			1	1		1	1	1			1	
OTU2274	6	12	11	3	2	2		1	5	3	5	6	1	2	6	5	4	2	4	14
OTU2276			2			1	1			2	1	1		2		1	1		1	
OTU2277			2	1	4	2	7	2	4	1	1	1				2		5	1	1
OTU2278			1		2	1	1	1	1		3	1			1	2		1		
OTU2283			21	32	41	34	28	39	22	9	17	39	22	19	21	39	5	35	16	3
OTU2293			1	2	6	2	3	1	1	2	2	2	1	3	1	1		2		
OTU2294			1	1	2	2	3			1	2	1	1	1		3		1	3	
OTU2296	1		3	2	6	3	4	3	1		2	4	1	2	2	6		8	1	1
OTU2297			3		2	2	3	2			2		1	3	1	1	1	5		
OTU2316	1		3	1	1	1	1	2		1		1	1		1	2	1	1	1	1
OTU2340	68	31	79	72	95	76	74	77	37	21	50	65	27	78	50	87	23	94	66	20
OTU2351	7	4	6	7	16	9	4	6	3	1	9	8	6	7	9	4		8	4	5
OTU2393				1	1	1		2	2		1	2	1			2		1		1
OTU2396	1	1	5	4	7	4	2	6	3		2	6	2	1	1	2	1	4	2	
OTU2405	28	13	14	9	23	23	28	26	10	3	9	27	6	24	13	22	9	19	18	6
OTU2414			1	2	2		3	5		1		1	1			2	1	3	2	1
OTU2416			6		2	1	1	4	2	1	2	2	2	5	2	2	2	5	1	1
OTU2418			2	1	4	5	3	3	1		1		1	2		2	1	2	2	
OTU242	7		3	3	1	1	4	9		2	5	7	2	2		1	1	1	3	2
OTU2421			2	3	2	2	4	1	1	1	2	2		2	2	2	1	3	1	
OTU2427		1	4	2	2	6	6	5			3	2	4	5	1	8		5	2	
OTU2428	1		1		1	2	4	1			2	2		1	1	2	1	2	1	1
OTU2430	6	1	4	2	4	2	5	2	1	3	2	3	1	1	3		1	5	7	2
OTU244	2	4		1	11	1	1	1	2	3	1	35	32	88	41	40	18	35	123	139
OTU2442			2	5	4	4	6	6	3	4	6	2	5	3	2	3	3	5	4	1
OTU2443	4	1	1	1	2	2		1			1	1	2	2	2	2		3		
OTU2453			2		1		1		1		1	1	3	4		1	1			
OTU2463	2			1	3	3	2	1	2	1			1	2	1	9		7	2	
OTU2470				1	2	1	1	2	1		1	2	1	2		3	1	2	2	
OTU250		1	2	1	3	3	4	5	4	2		4	4		4	3	6	1	1	
OTU2506	3	1	12	13	12	13	12	12	7	3	11	14	7	11	5	15	13	17	10	
OTU2516			1	1			1	1	2			1	1	1		1		3	1	
OTU2536		1	3	2	8	10	4	5	8	1	7	8	9	2	6	9	3	5	5	
OTU2537	1	1	2	4	1	6	5	5		1	2	4	1	3	1	6	3	6	2	
OTU2538			1			2	1	3	2	1		2	5	2				1	2	
OTU2550			1	2	4	1				1	1	1	3	1	2	2	2	3	1	
OTU2561			1	4	1	4	2	3		1	1	2	1	2	2	5	1	2	1	
OTU2581			1	4	3	7	3	3		1	6	2	5	3	3	6	2	5	3	2
OTU2589	3		2	10	6	5	14	10	4	1	9	8	8	12	6	13	4	15	10	2
OTU2598			3	2		3	3	2	1	1	3	1	3	5	3	4	1	5	1	3
OTU2616				2	1		2		1	3		1	3	1	3	1	1	2	1	
OTU2623			1	1	1	2	2		2		2	2	1	4	2	1	1			
OTU2628					2	1	6	2	6	1		2	1		1			2	1	
OTU2640			1	2	5	1	1	1	6			1			2		1	4	2	
OTU2641			1		1		3	1	1	2	2	2		2		2			3	
OTU2642			5	3	20	1	21	15	9	9	10	17	30	5	11	18		15	6	1
OTU2643			1	1		1		2		1	1	1	1		1				1	
OTU2645			1	2	1	3	4	3	1			1	2	3	4	1			1	
OTU2715			8	9	5	13	12	7		3	1	5	9	10	5	3	3	14	3	
OTU2727	3	2	7	6	8	14	11	10		1	5	5	5	8	7	3	3	10	4	3
OTU2734	2	2		1	1	2	2	6	2	17	1	1		5	1	1	1		2	3
OTU2740			1			4	1			13	2	1	1		1	3	7			
OTU2744	15	6	2	15	5	16	13	8	22	30	24	12	24	4	11	6	6	8	4	1
OTU2753			5	5	10	9	10	10	5	1	9	18	6	7	7	4		3	7	
OTU2756			5	6	8	7	6	7	3	1	3	4	4	2	8	6	1	6	7	1
OTU2759	209	96	191	180	299	215	223	203	145	119	220	214	207	278	202	173	78	223	191	115
OTU2761				1	1	1	2	3			1	2	1	2	3	4	1	3	1	
OTU2763	14	5	29	9	36	27	21	7	16	9	13	25	13	15	22	5	2	32	10	2
OTU2764			2	1	3	1	1		2	1	1	2			2	1				
OTU2765	40	29	79	60	33	18	40	24	17	27	37	11	41	28	23	5		90	33	19
OTU2770			9	1	2	5	4	6	1		5	6	2		1	5	1	6	4	2
OTU2771	1		2	2	3	2	4	3	1		3	2	1	1	4	5	1	5	3	
OTU2773			1	2	1	1			2		1	5	1		2	1			1	1
OTU2777				1	2	2		1			2	2	1	1	1	1		1	3	1
OTU2778			4	5	9	3	4	5			1	7	2	7	11	8	1	6	5	1
OTU2788	17	4	13	5	5	9	1	6	5	11	16	10	3	5	6			9	10	3
OTU2815				3	3	3	3	1	3		4			3	1	3	1	2	2	1
OTU2819				1			1	1	2	1	4	3		1	1	1		3	1	
OTU2824	8	1	11	7	47	25	20	46	21		14	28	10	18	22	17		34	9	3
OTU2828	645	810	326	652	202	289	340	308	508	552	699	359	401	217	565	385	256	58	327	746
OTU283			1	2	5	1		3		1	2	1	1	3	2	1	1	1		
OTU2835	28	25	21	1	4	6	10	14	18	9	11	6	9	10	16	9		20	22	34
OTU2836			1	1	1			1	3		1	1		1	2			2		
OTU284			4	2	3	2	1	1	1		1	1	1	4	2			2	2	
OTU2844			2	2	1		1		1		1		1	1	1			2		
OTU2847	100	191	44	72	19	57	34	36	28	16	25	35	24	45	26	7		7	56	77
OTU2853	7	1	7	18	11	14	32	23	65	13	45	42	10	10	44	11		24	11	
OTU2857	10	5	6	5	7	11	20	9	7	3	10	17	21	15	9	24	2	8	10	
OTU2859			1		1	1	3		4	1	1	3	4	1	1			1	1	
OTU2862	4	5		3	3	3	2	1	5		1	5	4	8	2	4		3	1	9
OTU2866	24	4	30	25	63	35	33	35	25	5	24	33	17	30	26	19	2	54	24	7
OTU2868	212	329	177	151	422	396	273	365	219	581	162	452	267	264	259	143	82	307	441	612
OTU2869	10		4	6	8	9	10	2	6	3	7	16	10	9	6	9		8	8	3
OTU2872	78	77	30	48	54	47	64	30	125	49	43	16	189	67	42	17		37	41	33
OTU2873	22	7	24	14	16	32	17	13	24	32	19	16	14	19	11	27	10	26	15	5
OTU2874	4	3	7	3	10	5	7	5		1	4	8	2	4	4	5	1	6	5	1
OTU2877	37	2	35	39	81	15	59	91	224	3	70	136	47	38	198	19		10	22	5
OTU2878	4		4	1	6	4	2	2	2	2	2	3	2	1				1	3	2
OTU2882	5		5		5	5	4	4	7	3	3	3	3	3	5			5		3
OTU2888	5	2	5	3	1	8	6	5	3	1	6	4	3	4	1	2	3	1	2	4
OTU2894	1	6					3		1		1		4		1	1	1	1	1	2
OTU2898		5	2	5	1	6		3	2	3	7	2	8	11	5	3	6	4	9	3
OTU2931				3	4	2	3		2	1	1	2	3		1	7		1	4	
OTU2933	4	22	10	9	15	22	15	21	27	25	12	14	18	34	8	27	3	14	20	13
OTU2935			2	4	1	1	1				1	2	1	2		1		1	1	1
OTU2941	1	5			2		37	26				17	1	1	15	2		13	1	4
OTU2946	1		3	4	3	2	3	1	1	1	1			5	1		1	3	3	
OTU2951			2	1	2	6	3	4				4	3			3		4		
OTU2953	1		1	4	1	1		2				1	1					9	1	
OTU2962		1	4	3	10	2	1	3		1	8		3	1	3	4	1	6	4	4
OTU2963	1	10				4			5	11	4	1		3	2			2	1	3
OTU2966	7	1	6	1	8	7	10	4	12	6	12	7	3	2	11	9		16	8	1
OTU2970	1	1	1	3	1		2			2		1	1	2	2	3	2	2	1	2
OTU2979	5	7	1	6	14	10	12	8	8	18	3	2	21	12	13	18		13	6	7
OTU2980	2	24	14	10	5	6	2	3	15	8	2	3	1	9	3	5	1	7	8	1
OTU3009	2	23	16	10					8			4				2	266		3	13
OTU3027					3	2	2	1	2			3	1	1	3	1		2	1	
OTU3030			3	4		2	4	6			5	3	6	2	2	2	1	3	3	
OTU3035			1		1	2	2	1	3	4	3	2	2	3	3	1	2	4	1	1
OTU3043			1	1	2	3	2		2	1	1							4	1	
OTU3051			4	3	4	1	4	2	1	1	2	3	1	3	3	7		1		1
OTU3056			2		1		1	1	1	2	1	1	1		1			3	1	
OTU3059					3	2	2	1	1	1	2		2		2			6	2	
OTU3060			1	1		1	2	1		1					1	1		2	1	
OTU3061	1		1	1	2	3	1			1	3	1	1	1	1	4		1	3	
OTU3062	2	3	11	8	20	15	7	7	3		6	9	5	8	6	1		10	10	4
OTU3063				2	2	6		2				3	1	2	1	3		1	1	
OTU3064	12	6	6	4	21	18	16	9	11	7	7	22	30	23	7	23	7	21	7	6
OTU3067			4		5	5	6	9	3	2	2	4	6	7	3	10	3	4	2	
OTU3068				2	1	5	4	2		1		2	2			1		4	5	
OTU3076			2	2	3		2	1	2			1	1	1		1		2		
OTU3089					11		6	1		1	2	4	3	1	2	2		8	1	
OTU3090	3		2	3	10	6	6	4	3	1	2	1	6	4	4	1		10	1	
OTU3092	32	10	41	8	49	55	48	41	23	15	45	58	39	25	13	13	8	45	42	9
OTU3096	1			1	2	2	2	5	2		1	1	1	3	1			1		1
OTU3097				5	4	4	5	4	3	3	3	6	8		3	12		6	1	
OTU3110					1	1	1	1	1		1	1				1	1	3	1	
OTU3113	1	1			2	2	2	4	2		1	6		1	1	1		2	2	
OTU3115	1		1	1	1		1	2			1	2		2				3		
OTU3134			1		2	2	5	2	3	1		1	1			5	1	2	2	
OTU3135	9	5	12	4	15	14	8	12	12	4	9	12	5	6	10	4		6	7	2
OTU3137	1	1		1	1	3		2		1	3	5	3		1	2	1	1	2	
OTU3142	1	1	5	10	11	2	14	7	3		1	19		9	11	10	2	5	8	2
OTU3143				1	1	1	1			2	1	1		2	1	1			1	
OTU3147				3	1	1	1	1	1		1	1	1		1	1			1	
OTU3152			3	1	5	4		2	1	2	2	1		2		6		2	4	
OTU3154	2	1		3	6	3	1	3	2		5	2	1	1	1			1	1	
OTU3157	3	4	2	3	4	1	3	2	2	4	5	1		5	4	2			3	
OTU3159			1	2	1		2	1		1	1			1	2	1		2	1	2
OTU3160	2	3	1	1		1		7	2	1		1		1	1	3			3	4
OTU3163	6	9	8	3	15	3	5	9	6	2	2	6	3	2	4	6		5	5	4
OTU3164	9	1	3	7	5	5	2	3	4	6	5	6	5	4	3	3		2	6	
OTU3169			2	5	5	9	5	12	1	1	5	6	2	1	2	3	2	2	7	1
OTU3170	4	2		3		2	2	3	6	4	6	2	1	1	5	5			12	7
OTU3171	3	1	1	1		1	1		1	1		1				2			4	
OTU3173			3	5	4	4	2	3			3	2		2	5	3		6	2	
OTU3176	5		10	2	2	4	13	5	1	6	4	4	6	8	1	14	1	7	5	1
OTU318				3	3	2	1	2	2	2	4	4	2	2	5	6	3	3		1
OTU3192			1		1	2	2	4				1		3	2	2	2	3	4	1
OTU3197	75	124	12	31	17	10	27	5	36	71	6	9	9	16	42	60	5	30	33	142
OTU3198	889	598	577	721	684	601	401	337	879	1404	1034	550	734	413	697	209	360	681	479	585
OTU3205	3	1	1	1	1		2	1		1		3	1	2	2	1		2		1
OTU3213	2	92	3	45	1	7	7	19	19	41		3	12	18	29	58	5	18	46	6
OTU3224	3	4	6	9	6	12	6	3	15	3	6	6	2	7	8	1		10	3	4
OTU3227	55	151	63	164	57	43	64	25	69	82	44	40	37	41	74	163	421	26	95	168
OTU3230	1	1	1			1	1	1	1		1			1	2			1	1	1
OTU3231	9	11	5	4	3	13	3	9		10	6	7	11	10	4	10	1	4	9	1
OTU3232	1	12	1	3				3	8							6	1	1	1	
OTU3245		3	2	5	15	10	8	9	6	2	3	7	3	10	12	16	5	14	3	2
OTU3248	4	2	1	1			1	2	1	2	1		2	1		3	1		1	
OTU3250	1	3		3	5	4	4		2	1	3	3	4	2	1	1		3	4	1
OTU3251	1	2		1	2		1				1	1		1				1	1	1
OTU3259	4		4	1	9	2	6	5	4	2	6	2	2	4	2	5	2	5	4	2
OTU3262	2	6	6	1	1	3	4	8	9	1	1	2	3	3	4		1	1	1	3
OTU3266	65	19	68	47	36	50	44	38	38	45	40	86	162	38	70	40	105	27	67	21
OTU3267	2		2	15	2	3	5	19	1		3	3	8	2		3		5	1	1
OTU3270	8	5	7	5	24	6	12	31	11		6	12	4	14	10	2		14	4	3
OTU3271	14	14	11	15	14	17	16	14	8	12	14	12	12	9	14	11	1	26	17	20
OTU3272	5		2	1	3	1	4	1				1	1	3		4		4		1
OTU3278	1	1	1	1		5	2	6			4	1	1	2	2		2	3	6	
OTU3282	4	4	14	14	19	18	17	25	14	28	29	23	60	13	21	19	1	22	28	4
OTU3284			1	1	2							1		2	2	1		2	1	1
OTU3293	6		1	3	1		1	1	2	2		1	1	1		1	1		2	
OTU3294	28	58	27	7	9	15	22	7	17	7	9	5	13	15	8	6		2	22	26
OTU33	2		2	2	1	4	3	1	2	1	2	1		3	2				2	
OTU3303	97	315	132	90	12	11	18	37	104	79	87	11	14	43	70	33	37	69	121	84
OTU3313	13	28	13	10	9	6	10	9	12	19	5	13	2	7	12	24	6	3	5	19
OTU3316	14	36	16	14	15	29	11	21	17	5	15	10	4	16	21	17	3	14	12	26
OTU3333					1	2	1		1			1	1	1	3	3		2		
OTU3343	667	333	331	186	181	340	326	311	561	633	419	485	521	501	235	498	469	241	171	271
OTU3345			2	1	2	1	2	1	2			5		4	1	1	1	2	3	
OTU3354	2	9	6	1	9	1	5	6	3	2	4	7	2	3	6	3		1	9	4
OTU3359			1	1	5	1	3	4	3		3	2		1	4	3	3	2	1	
OTU3360				2	2	2		1	2			1	1			1		1	1	
OTU3379	27	9	31	32	68	75	32	22	11	5	17	50	21	113	9	17	20	28	46	8
OTU3380	1	1	2		3	1	2	2	10	1	7	3			8	1		8	1	
OTU3381	6	4	6	12	30	6	5	8	8	3	6	5	11	6	14	8	1	18	8	5
OTU3383	45	23	17	19	264	13	27	31	16	42	18	11	16	35	22	44	22	122	30	22
OTU3385	1	1	1		6		1				1	6		2				1	2	1
OTU3391			3	3	7	6	2	5	3		3	4		1	2	5		3	1	
OTU3398	5	1	4	11	6	24	20	16	15	11	13	13	16	12	12	9	6	9	20	
OTU3411	2		1	1	6	3	2	1		1	2	1	1	2	2			1	2	
OTU3418	53	13	10	35	16	27	28	25	31	42	49	38	33	12	32	41	36	8	28	5
OTU3422	1		2		1	4	2	4			3							3	2	1
OTU3429	3	4	6	14	1	10	3	7	3	1	2	3	3	2	3	2	1	5		3
OTU3436	1	8	15	13	44	19	34	33	14	32	12	7	7	16	28			66	37	129
OTU3439	6	2	5	9	17	9	10	14	7	1	11	7	12	8	10	3	5	9	12	1
OTU3442	35	10	60	46	110	83	64	92	94	126	174	82	138	56	102	41	6	83	71	36
OTU3453	4		3	3	2	3	1	4	3	4	2	2	2	3	3	1		2	2	1
OTU3457	75	23	57	22	54	52	44	62	22	37	29	53	38	35	25	21	9	64	38	22
OTU3463			3		6	3	4	5	2			4	1	1	4	3		4	1	
OTU3475			1	2	2	1	1	5	4		1		1	2	1	2		3	1	
OTU3479	3	2	2	2	9	6	6	7	6	1	3	10	3	6	2			10		2
OTU3483	4		8	10	20	11	4	8	6		11	6	3	6	6	5	1	7	9	2
OTU3488	42	5	60	107	179	67	101	133	61	35	84	90	59	109	122	36	3	60	68	7
OTU3490	1			3	1	4	2	2	3	1	4	1	2	2		1			2	3
OTU3491	1		1	2	2	1	1	1	3		2	1	1		2	1		4	3	1
OTU3495			1		1	2	2	1	2		2	3	2	1	1			1		
OTU3509	6	1	6	8	3	8	8	5	6	10	10	6	6	6	4	4	2	2	7	1
OTU3512	1	1	3		5	1	1		3		2	3			1			2	1	
OTU3523	4	22	29	4	1	3			22	13	5	1	2	4	20	2			1	16
OTU3524	3	1	3	12	10	2	4	6	4	1	5	5	4	5	3	7		7	3	2
OTU3527		1	25	13	17	11	21	15	31	28	11	10	10	4	26	13		13	2	3
OTU3531	10	74	35	31	4	1	1	1	23	59	14	6	2	1	19	103	4	3	2	41
OTU3536	86	28	65	60	62	52	55	94	42	22	40	75	38	59	39	75	12	76	55	37
OTU3544			2		2	2	1	3	2	1	1	2	3		1	3			5	
OTU3546	2	2	3	5	4	3	1	2	1			4	1		4			5		2
OTU3547	8	7	64	22	28	52	46	26	112	88	63	60	17	17	67	60		68	20	12
OTU3587					1	1	1	2	1	1	1	1	2		1	1				1
OTU3593	921	1374	805	1934	49	232	247	99	733	1534	858	100	912	239	926	1072	9856	65	358	3022
OTU360			1	2	1	3	1	5	1	2	3	3	1	2	3	1	3	1	2	
OTU3638		8	35	9	5	1	3		32	12	2		2	2	25	1	2		3	22
OTU3656	4		1	5	8	3	2	2	3		2	4	1	2	1	8	4	1	2	
OTU3668	1		8	1	11	5	8	8		3	6	6		5	3	10	1	6	6	2
OTU3671	64	84	105	43	67	35	98	54	66	63	43	25	103	36	36	21	43	93	50	36
OTU373			5	5	13	11	10	5	7	3	6	6	6	9	7	6		8	8	1
OTU3748			1		4	1	4	1	2		1		1	1	1		2	2		
OTU3764	3	12	36	36	3	31	6	5	47	19	3		5	22	26	154	18	17	4	7
OTU3768	18		2	1	2			2	2	2				3	6	6	1		1	2
OTU3780			1	1	1		2	2				1		2			1	1	1	
OTU3781			5	4	8	8	4	5	3	1	4	7	1	3	5	8	1	5	2	
OTU3806	1	1	46	42	88	62	58	76	31	14	33	48	41	42	42	84	30	57	32	3
OTU3813			2	3	3	2	3	2		1	1		1	1		2	1	1	1	
OTU3833	1				5	4	1	3	1		2	1		2	1	3		2		1
OTU3841			1	1	6		1	4	1		1	3	2		1		1	4	1	2
OTU3860				2	2	1	2	3		1	1	5		2	2	3	3	1	2	
OTU3899	3	1	6	2	17	8	7	7	2	3	4	3	10	4	6	16		11	5	2
OTU3906	35	90	116	196	50	26	21	45	104	34	55	18	98	19	181	166	39	98	22	57
OTU3908			1	1	1	4	2	1				1	1		1	3	1	4	1	
OTU3910			2	1	2	1	2	3			1	2		1	1	3		3		
OTU3953		1	5	2	3		1	2	2			2	1	4	2	1	1	4	1	1
OTU3962			2	2	9	3	2	3	6	3	5	6		3	3	1	1	6		
OTU3968			2	5	4	3	3	2	3	1	1	4	3	2	2	6	4	1	2	1
OTU3983			2	2	3	3	5	4		2	5	9	4	1		1	1	4	4	
OTU3984	11	2	30	25	22	28	33	35	12	14	20	39	11	20	22	31	8	35	12	3
OTU3987	1		8	12	25	7	9	17	4	4	8	13	9	10	5	15	1	7	8	
OTU3992	4	6	52	51	90	65	53	78	17	9	43	60	38	34	34	101	42	80	45	4
OTU4001	1		4	2	4	6	13	11			3	6	4	2	3	7	7	9	6	4
OTU4004			1	1	2	1				1	2	3	1				1	1	1	
OTU4023			1	1	1			1	1	2	1	1	4	4	1	2	1			
OTU4074	2	1	2	3		2		1			1	4		4			1	3		3
OTU4080			3	4	1	4	1	4	1		5	1			1	1		5	2	
OTU409			3	2	2	1	1	1	1		1	5	1	1	2			3	1	
OTU4096	4	2	59	2	1	4	1	3	23	48	1	2		6	41	50	40	4		7
OTU4102	9	8	2	4	2	8	8	1	3	1	2	3		2	2	4	1	1	9	5
OTU4129	1		1	2	1	2	1		1	1	3	1	1	3	2	3		1		1
OTU4132	6	1	85	87	130	102	97	134	52	33	86	114	75	59	53	132	44	133	87	4
OTU4147			6	6	4	9	3	9	2	1	3	4		3	2	13	2	12	3	1
OTU417			5	1	10	1	3	1	4				2		1	1		5	2	2
OTU4180	3	2	2				2	2	3	1		2	1	1	2			3	5	4
OTU4182	26	38	11	9	1	13	10	13	10	4	11	15	19	18	5	2	2	4	41	30
OTU4184	5	6	1	2	2	3	2	3	2	1		1	2	3	2	1	2	2	2	4
OTU4187	157	107	152	85	223	174	168	197	225	58	168	183	132	128	125	50	7	214	168	111
OTU4188	9	2	20	16	30	21	18	17	24	1	14	17	5	26	11	7		29	11	3
OTU419			1	1	1	1	1	1			1	1	1	1			1			
OTU4192	8		20	2	2	5			44	2	2	2	9	6	35	4		5	2	16
OTU4196	2	63	21	17			1	1	5	1	1				27	6	2	2	1	17
OTU4199	2		6	1	5	2	3	3	2		3	3	3	2	2	4	1	4	2	3
OTU4204	16	9	5	22	8	19	8	8	32	16	26	9	10	6	31	4		18	8	2
OTU4209	19	10	4	15	6	13	10	18	10	12	8	8	9	10	3	22		4	24	5
OTU4214	4		3	1	2	2	4	4	1		5	1	2	2	2	3	3	3	4	1
OTU4229	6	18	4	5		1	1		1	8	1	2	1	2	2	1	4	5	2	13
OTU4233	3	2	8	10	13	11	4	22	6	2	8	9	5	9	3	2	2	13	10	3
OTU4238	8		12	5	11	14	7	12	3	2	7	3	5	6	4	2		11	5	2
OTU4240	28	51	3	6	2	8	2	6	12	15	10	15	12	2	19	14	1	5	23	12
OTU4246	478	339	57	172	180	333	237	166	180	316	163	340	335	248	463	81	21	99	618	285
OTU4248	3		2	5	9	3	4	3	3	4	3	3	2	2	2	4		8		2
OTU4255	1		1		5	3	2	2	1		3	1	2	1	1	2		5	1	
OTU4266	16	15	16	19	45	30	30	38	18	16	30	27	16	18	20	31	1	36	33	10
OTU4268	1		1	2	1	2			1	2	1	1	2		2	9	5	3		
OTU4274	8	9	2	3	5	1	5	5	4		1		1	6	3	5		6	4	6
OTU4279	4	4	7	6	5	9	18	9	5	6	8	20	18	9	7	13	5	1	7	
OTU4282			1	2	2	3	2	5	2		1	4	3	4	1	2	5	3		
OTU4291	4	1	10	12	16	7	7	9	3	18	12	3	14	1	9	10	1	7	14	
OTU4293	773	573	631	287	538	824	394	402	509	288	381	423	379	659	468	97	97	644	505	366
OTU4295				1		2	1	1				1			1	3		2	1	1
OTU4296	24	25	8	10	17	20	46	16	8	15	1	20	18	48	3	5	4	12	67	24
OTU4300	1	2		4		1	1		2	1		1			4			2		1
OTU4305	1	1	1	1	1		2	1		1	1	3	1	2	2	1		1	1	3
OTU4331	1		5	3	5	1	3	3		2	1	2	4	1		3	3	2		
OTU4335	91	282	81	119	126	183	219	137	102	123	24	54	237	190	73	168	19	125	187	23
OTU4369	9	10	5	4	1			1	4	5	1		2	1	4	2		5	9	1
OTU4377			1	2	4	2	1	5	1		1	2		1		9		3		
OTU4381		3	3		9	2	3	1	4	1	3	1		3	5			4	2	3
OTU4387		1	11	14	23	11	9	19	10	3	10	10	8	8	5	13	3	19	8	2
OTU4390	50	38	52	20	5	19	10	35	23	18	37	16	13	34	19	35	2	22	25	30
OTU4394	3	2	9	11	23	10	12	6	7	2	9	7	1	5	4	2		3	5	5
OTU4397	3	3	4	7	6	10	8	15	3	2	3	7	7	6	4	2		11	7	3
OTU4400			1		1		1	1				1	1	1		2		2	1	
OTU4402		1	2	3	4	2	3	5			2	5	2	5	2	1		4	3	1
OTU4403	1			1	3	1		2	1	2	1	2	2	1		1				4
OTU4408	16	58	69	14	20	40	16	10	74	23	38	14	33	62	38	24	18	47	23	92
OTU4412			4	3	7	4	8	4	2	1	3	4	1	3	1	5	2	4		
OTU442	5	1	44	39	73	48	44	61	34	16	35	64	33	40	31	69	28	59	32	3
OTU4420			1	2	1		1	3	2	1	1	2		4	2	2		1		
OTU4423		3	2		4	2	4	3	3		1	4	1				3		3	1
OTU4426	5	8	2	6	2	4		5	7		6	4	2	7	4		1	3	2	8
OTU4427	31	69	28	13	5	21	17	10	33	10	6	6	3	18	24	18	2	13	23	92
OTU4432	10	15	10	1	2	7	3	6	12		4	3		6	9	3	1	3	10	9
OTU4436	13	12	14	11	48	25	27	17	12	4	11	20	7	27	16	8	1	10	26	6
OTU4441	2	4	3		5	2	4	1	5	3	2	1	3	3	6		2	1	9	2
OTU4447	28	29	11	6	14	19	27	18	20	13	27	17	7	12	24	7	12	19	18	20
OTU4448	1	3	1	1		1	3		6	12	2	2	2	4	4	77	77	1	6	4
OTU4449	14	10	13	27	5	8	7	3	6	7	11	11	6	9	10	6	27	2	6	16
OTU4450	5	4		1	4	1		2	3	5					2	3	3		1	
OTU4451	3	1	2	1	4	7	7	3	3		7	4	1	2	3	1	1	4	2	1
OTU4452	3				1	4		1		7	3	1	4	1	3	1	18	1		3
OTU4459			1	1	1	1	2	1		2	1		1		1	2				
OTU4461	9	50	5	11		3		1	1		6			1	3	3				2
OTU4472	3	3	3	3	5	1	5	5	2	2	2	4	5	3	5	3	1	3	6	5
OTU4475	2	4	1	5		9		4	4	2	3			3	20	1	5		4	
OTU4482	5	16	11	12	19	14	17	13	16	5	5	15	5	21	3	5		25	26	23
OTU4485	2	1		1	1	1			1						1	5	5	1		2
OTU4495	4				7	5	4	3	1	1	2	6	7		2			3	2	
OTU4501	8	7	7	7	9	10	10	24	16	6	17	12	14	12	12	10	2	11	24	8
OTU4505	13	17	4	3	9	13	6	4	11	1	7	7	2	9	5	2		7	10	41
OTU4510	1		1	1	1		2	2			1			1	1	1				
OTU4516			1	1	5	1	1	4	1		2			2	1	1		2	1	
OTU4517		1	1	2		4		1	2		2	1		1	1	2		1	1	
OTU452			1		1	2	3		1	1	2		1	3	2	1			2	
OTU4527		1	2		1	1			1	3		1				3		1	1	3
OTU4529	77	65	177	127	17	105	111	115	11	33	77	148	147	312	23	16		16	63	62
OTU4539	41	172	28	42	1	10	15		18	5	7	6	10	17	10	5	1		7	48
OTU4541	19	17	8	4	3	6	6	2	6	7	14	2	8	8	2	3		2	10	17
OTU4542	114	52	100	31	38	36	43	40	71	31	64	32	42	31	66	34	3	66	47	116
OTU4544	1	2	1	8	10	11	9	15	5		5	13	7	8	5	30		16	5	
OTU4545	19	53	9	11	11	4	6	3	14	2	2	1	1	13	20	26	1	16	6	54
OTU455	1	2	15	27	50	37	31	40	13	14	27	28	24	25	23	44	22	41	18	2
OTU4553	11	5	19	16	36	28	26	22	35	3	24	19	7	15	15	13		35	11	6
OTU4556	224		2	1	4	2	3		42	2		1	19	19					2	
OTU4559				1	3		1	1			2	1	1			5			1	1
OTU4579			1		1	2	2	1					2	1	2	1		1	1	
OTU4605	2		3	2	2			2	11	1	3	2	1	5	9					3
OTU4609	22	14	18	10	44	27	32	26	29	12	30	18	10	17	18	7		40	15	13
OTU4610	2	6	4		2	1	2	1		1		2				1			2	3
OTU4613	16	10	22	15	45	35	28	24	30	9	36	19	14	19	16	20		34	16	8
OTU4620	5	35	1		10				7			4	5	38				2		4
OTU4621	23	12	15	16	44	19	13	18	25	16	24	13	11	36	20	6	9	23	24	12
OTU4626	1		3	2	1	1	1				1	2			2		1			
OTU4633			2	2	1	2	2	2	2		9	9	1	4	2	3	1	7	3	2
OTU4638	20	72	43	51	15	10	35	17	16	23	9	35	26	360	16	30	35	21	24	88
OTU4640	4	19	5	3	2	5	5	1	3	2	4	2	3	4	7	5	53	1	14	5
OTU4642	4	6	1	3	2	7	1	5	3	2	1	3	2	3	2	2		3	7	5
OTU4649	3		8	6	14	11	12	3	3	3	3	6	5	11	4	10	3	4	4	3
OTU4659	26	16	24	26	49	25	25	30	46	22	42	35	38	34	24	25	2	34	22	25
OTU4665		1	12	4	6	1	8	5	6	2	2	7	3	6	5	7	7	3	7	
OTU4669	13	15	11	18	6	13	37	7	14	8	11	14	11	7	11	22	2	2	4	7
OTU4670	5	6	7	3	9	5	8	4	6	8	4	11	5	5	5	5	1	12	9	5
OTU4671				1	2	1	4		2		1		4		2	1			1	
OTU4676			2		3	4	1	2			1	1	1	1	1			4	1	
OTU4682	36	19	30	10	30	26	20	19	21	11	27	14	15	21	23	4	3	37	14	20
OTU4683	2	1	6		10	3		4	1			1	1	2	3	1		3	1	1
OTU4684	52	150	116	115	213	132	212	231	236	32	69	210	113	152	82	23	17	175	235	87
OTU4685	32	126	20	11	3	20	15	12	15	83	8	18	7	31	14	19	29	9	19	38
OTU4691	16	16	14	15	11	19	14	24	11	10	17	21	15	19	13	4		16	18	15
OTU4693	1		3	1	6	3	4	6	5		2	5	2	5	8	5		5	2	1
OTU4694			1	1	4			1			1	1	1	1	3			1		
OTU4695	8	5	21	17	21	35	16	16	18	7	20	25	14	15	15	14		35	15	4
OTU4697	5	29	6	8	6	12	6	15	20	1	4	10	6	12	5	2		7	12	8
OTU4698	8	2	11	5	37	7	12	9	9	2	8	12	4	3	7	9		26	9	10
OTU4702		2	13	4	24	12	9	12	11	2	7	9	9	4	3	2		17	10	10
OTU4703			2	3	7	8	2	3	4	2	5	1	1	5	5	6	1	4	3	2
OTU4707	1	1	4	1	1		4		1	2	1	1			4	1		2	1	
OTU4708	3	3	5	5	1	2	3	7	4	1	2	1	4	2	3	5		1	5	4
OTU4710		34		4		1		1	20	2			1		7	9		4	5	1
OTU4713	2				2		1	2	1	1				2				1	1	2
OTU4739	4	1	29	8	56	11	9	11	7	5	6	4	1	11	4	5	1	35	25	3
OTU4740		2	3	4	6	4	6	3	8	2	1	4	1	3	1		1	6	7	
OTU4745	27	17	112	12	9	18	10	27	16	15	35	19	14	17	5	5		5	15	29
OTU4747	15	39	2	9		8	21	25	1	28	1		17	4	1	36	1	2	6	27
OTU4750	163	244	160	200	159	199	235	206	143	84	126	324	279	191	163	369	128	112	260	95
OTU4758	7	7	9	13	21	19	24	13	14	1	13	29	10	12	11	10	1	28	20	6
OTU4759	268	70	101	69	193	125	122	118	74	186	84	137	187	105	132	164	4	175	93	75
OTU4761	27	63	5	10	24	25	51	21	29	20	22	42	84	24	61	50	43	15	47	84
OTU4762			6	5	7	10	11	10	3		5	14	2	9	4	17	3	8	4	
OTU4767	23	23	44	22	26	45	91	16	16	65	6	30	101	23	18	24		34	53	15
OTU4774	45	9	23	19	23	9	17	34	22	21	32	19	36	21	19	19		8	21	16
OTU4778	1			2	6	3	3	8	3		1	2	1	2	3	5	3	4	3	
OTU478	2	1			5	3	2	2	1			1		1				3	1	1
OTU4782	7	11	6	7	14	12	4	8	10	4	6	7	7	3	2	2	2	13	9	9
OTU4788	83	155	55	52	62	86	55	88	127	25	25	95	35	137	22	12	2	24	182	114
OTU4793	5	1	8	2	11	15	17	15	6	1	9	10	6	4	6	9	2	7	3	3
OTU4796	8	3	2	5	4	2	4	4	1	3	5	8	4	4	5	2	1	2	4	2
OTU4801	14	191		26	1	1	2		16	8	2		2	8	6	23	34	2	12	2
OTU4802	3	8	1			1	4		2	1					45	1	3		11	4
OTU4803	1		2	3	12	9	8	8	5	1	8	6	2	4	9	8	3	6	5	1
OTU4804			1		3	2	9	1	2	1		4	2	3		1		3	1	
OTU4812	229	127	144	165	296	269	264	276	162	250	181	279	242	248	244	344	11	308	207	88
OTU4815			21	17	20	30	14	25	3	4	15	17	12	17	4	36	14	24	12	1
OTU4831	1	2	2	1	5	3	5	6	3		1	3	2	3	2	1		4		
OTU4833					7	4	4	3	2	2	2		2	3	2		1	4	1	
OTU4838	2		3	5	28	13	10	17	8	3	9	12	10	10	7	16	8	13	9	
OTU4843				2	2	2	5	1	3		5	2	1	2	2	1		2	1	
OTU4846	202	197	133	100	319	111	229	136	168	100	179	185	176	104	188	149	13	309	377	213
OTU4848	1		3	6	14	8	4	11	7	4	6	13	5	10	3	12	5	9	4	1
OTU4851	45	15	35	43	49	39	122	75	9	17	46	57	22	32	47	2		48	155	61
OTU4865	460	512	699	469	1249	873	1347	1491	956	188	595	1196	765	911	721	195	77	1027	1373	690
OTU4875	1		1	1				1		2	1		2			1			4	1
OTU4876	1	1	1	1	4	1	4	1			2		1	2	2			3	3	1
OTU4883	4	2	8	7	18	8	6	6	7	1	6	4	3	10	4	19	6	9	4	1
OTU4884	135	34	298	245	361	329	328	314	108	130	157	292	257	204	203	332	20	318	233	32
OTU4892	58	45	43	48	13	68	35	10	11	8	26	37	59	20	12	10			40	4
OTU4923	1		10	7	25	6	13	12	4	3	4	15	3	2	3	10	1	26	9	
OTU4931	4		2	2	3	1	1	2	1		1	3	1	1	2		1	6	1	2
OTU4966	7	4	1	2		1		2	5	3		1	2		7			2	2	2
OTU5029		2	1	6	4	4	1	3		1	2	2	1		1	4		3	2	
OTU5039	4			5	5	3	1	4	1			2		1	2	5		2	2	1
OTU5041			1		1	2	1					2	1	1	3	2		1		
OTU5042			4	4	2	2	2		2	2	3	4	1	1	1	1			3	
OTU5054		1	1		2		1	1		1		2		2	2			1	4	
OTU5058			2	2		3	2	4		1	4		5	3		2	1	3	3	1
OTU5090	1	1	2	3	1	2	2	2	1		1	2	1	1	1	2		3	1	
OTU5092			4	2	7	6	4	8	3		2		1	4	5	8	5	10	2	2
OTU5100	4	250	163	1109	10	154	15	254	36	148	499	35	1145	881	95	401	85	217	429	234
OTU5104			3	3			2	1	1		1		2	1	1				1	
OTU5114	3	1	4	7	29	6	7	11	7	3	5	18	10	5	8	4	1	21	10	5
OTU5119	1		3	1		1	5	2	1		4	3			4	1	1	4		
OTU5128	10	11	15	25	13	31	25	30	3	1	18	21	10	21	11	23	9	26	23	8
OTU5144			3	3	2		4	1			3	4	3	2			3	6	1	
OTU5146			2	6	2	4	2	10		1	3	3	4	3	3	2	1	6	7	
OTU5151			9	11	22	14	14	12	11	5	18	12	3	9	7	15	4	19	18	4
OTU5195	1		2	3	10	1	2	9	2		1	6	3	3	2	11	1	4	2	
OTU524			1	1	1	1	1	1	1		2	1					2	3		
OTU5294		1	2	2	3	2	1		1	2				1	1		1		1	1
OTU5297	1	1			3		1	2	1	1				1		3	1	1	3	
OTU530			6	7	17	7	9	9	7	7	10	4	6	3	9	5	5	8	4	
OTU5308			1		1	1		1	2			1	2	2	1	1		2	1	
OTU533			3	3	2	2	1	3	1		1	3	1	2	1	3		4	4	
OTU5332			1		2	1	2	2			2	2	2		1		1	2		
OTU5333	65	30	42	36	34	51	38	26	26	55	52	47	31	33	41	29	26	40	37	45
OTU5334			1	2	3	2	2	1		1		3	1	1	1	1	1	3	4	1
OTU5340		1	2	6	11	7	9	10	1	2	4	5	1	4	3	8	4	8	4	2
OTU536	1		1		3	1	2	2			1	1			1			2		
OTU5360		1		1		1	2	1	1			2		2	2			1		
OTU5377	14	9	13	14	5	4	9	21	24	3	6	10	8	3	25	4	12	2	33	19
OTU5429			6	3	6	2	4	6	1	1	4	1	1	1	4	7	2	4	1	1
OTU5444		2	1	1	6	2	1	3	3	4	2	6	1	1	2	2	2	4	1	
OTU5455			33	35	93	43	49	69	37	7	33	58	28	45	30	74	13	70	34	7
OTU5465	4	10	41	38	66	47	53	47	27	9	28	44	25	34	28	58	26	62	21	5
OTU5475	56	44	64	49	89	65	59	112	39	22	72	51	59	36	69	16		25	47	65
OTU5497			1	1	2	3	1	2	2	2		2	1	2	1	4		1		
OTU5500			1	2	3	2	2	1			1	2	3	3		3		3		
OTU5508	3	1		3	5	3	3	1	2	2	3	2	3	1	5	1	1	4	2	1
OTU5528			3	4	8	8	7	2	2	1	4	3	4	3	1	5	4	8	4	2
OTU5540		4	9	3	8	7	7	4	3	4	6	4	3	3	10	36	1	14	3	4
OTU5565			1		2		2	1	1		1			1	1	1			1	
OTU5570	3		13	13	13	15	12	15	3	1	8	12	10	13	3	20	10	16	11	
OTU5576			1	5	7	3	1	3	1	1	1	3	3	3	6	3	4	6	5	
OTU5599			1	1			1	1	1	1		1	1	1	2	1		2	1	
OTU5633						2		3	2	1		1		1	1	3	1	1	1	
OTU5638	1		7		9	5	2	5	4		1	2	5	6	2	1	2	4	2	1
OTU5649	8	4	7	9	27	16	16	14	8	2	9	7	9	10	13	6	3	15	9	4
OTU5653	2	1	31	28	60	58	47	51	12	12	28	38	40	38	43	58	15	45	37	3
OTU5694		1	2	2		1	1				2	1	1			1		2		1
OTU5704	1		3			2	1	1	1			1			1	1		3	1	
OTU5709			5	2	8	4	5	1			1	2	1		2	5	2	6	2	1
OTU5732			4	1		3	4	4			2	4		1		2	1	5	1	1
OTU5733			3	1	5	1		3	2		1	2	3	1	2		1	2		
OTU5735	2	1			6	1	6	4	4	2	2	2	4	2	2	3	2	2	2	1
OTU5744	3	3	2	3	1		2	5				3	4	2	1	2			3	2
OTU5765	20	2	16	25	15	37	12	26	2	3	9	19	6	20	8	15	5	31	23	5
OTU5768				2		1	2	1			2	2	3			1	1	3	1	
OTU5783			6	13	16	13	14	16	8	3	8	12	11	13	11	12	16	16	14	1
OTU5789			3	5	3	7		2		3	2		2	1	3	1	3	8		
OTU5795	4		7	10	15	7	14	9	3	2	4	8	4	4	5	7		10	4	6
OTU5804				1	3	1		1		2		1	1	1		1			2	
OTU5837	1	1	1	5	9	10	6	6	4	1	9	5	2	4	4	16		12	3	1
OTU5852	1		1		3	2	2	1		1	1	3		3		2			1	
OTU5866	4		2	1	6	4	2	2	3		1	1		5	4	3		4		2
OTU5871			1	1	1		1	1				1	1	1	1			3	2	
OTU5876				2	3		2		1	3	1		1	3	2	3	1	3		
OTU5882		1		2	2		2	1	1	1			2	1	1	3		1		
OTU589				2	2	2	1	2	1		1	2		1		1		2	1	
OTU5890			7	1	7	2	1		1		1	2	1	2		1	1	5		
OTU5926			3	3		2	1	2			2	3		4				1	1	1
OTU5963			2	1	1	1	3	2			1	1	1		2	4				
OTU5974			5	3	1	4	8	5	2	2	5	2	2	6	4	13	2	8	3	1
OTU5976		1				2	1	1	1		1	1		2	1		1	3	1	
OTU5977	1	11	2	2	4	1	4	3	1		2	1		7	1	5		14		6
OTU5979		4	2			1	4	1		1	1	2		3	2		4		2	1
OTU6039			1	1	1	1				1	2	4	3	1		1		3	2	
OTU6041		1		1	1	1	1	6	1	2		1		1	2	1			2	
OTU6042	64	38	67	43	35	32	22	23	55	82	32	28	19	19	88	60	3	19	49	57
OTU6055	14	18	8	12	22	57	29	34	12	13	15	17	16	25	18	16		20	17	13
OTU6068	1	1	1		3	1	2	2	1	1	2	4				3	1	1		
OTU6117			1	1	1		1	1	1				1	2	1			1	1	
OTU6152		1	3	1	1	2	3	2	1		2	3	1	1	1	4		1	1	
OTU6195			4	6	9	8	10	8	3	1	5	5	4	1	1	11	5	8	10	
OTU6234	6	11	4	3	1	4	2	16	7	5	1			5	61	2	4	2	11	4
OTU6254	25	420	25	60		1	1		2	688	3			2	22	33	4	2	3	156
OTU6261			1		1	1		1	1		1	6	3	4	1	3		3		
OTU6307			4	2	7	3	1	2	2		2	2	6	3	5	2	2	3	3	
OTU6366	5			1	1			6	4	2		1	5		3	1				7
OTU637	1		5	9	16	9	8	11	6	2	7	6	3	10	7	7	2	5	8	
OTU6374	42	31	20	19	39	15	28	19	16	37	16	33	42	33	23	40	21	26	23	18
OTU6375		3	5	1			2	1	2		1	1	1				1	2		
OTU6381			1		1	1	2	1	1		3	1	1		4	1	1	1	1	
OTU6392			4	2	1	2	1	7			2	8	1	2	1			2	2	
OTU6403	9	5	20	21	36	24	21	19	8	3	12	15	15	24	12	39	7	28	14	3
OTU6404	1		3	1		3	1	1	7	5	3	2	3	1	3	3		2	1	
OTU6423	6	3	7	1	4	6	5	7	9	5	8	3	2	7	3	3	1	3	2	8
OTU6431	8	10	1	2	1	3	6	1	6	3				3	10	3	2	1	5	15
OTU6433	2		8	2	4		3	4	1		2	3	1	1	2	2		3	1	
OTU6438			1		2	2	2	2	1		2			2				1	2	2
OTU644	2	2	2	1	8	3	2	2			2	1		2	1			1		3
OTU6442	24	25	24	25	104	58	48	30	54	31	29	26	34	85	18	19	5	44	39	25
OTU6454	182	46	350	36	18	152	137	168	89	66	82	95	28	155	126	70	8	10	57	93
OTU6455	1		2		1		1	4	4		1	1	1	3		2		1	3	4
OTU6459	175	389	207	272	7	333	611	535	49	427	263	109	364	315	33	199	613	109	1168	281
OTU6463	1		2		2			2			1		1	1	1	3		2		
OTU6473	84	189	18	24	32	33	62	36	52	26	22	91	99	52	155	645	870	24	66	444
OTU6475	4	1	2		14	1	1	2	1		2	4		7	1	2		5	1	6
OTU6478	2		1	1			1			1	2	6	1	2			1			
OTU6483	1	1	1		2		1		1		2			2					2	2
OTU6489	2	2	3	4	4	2	1	5	2		1			2		1	1	2		5
OTU6491	16	16	15	6	2	3	24	32	3	9	7	3	3	5	204	7		9	53	1
OTU6496	23	4	6	14	6	31	22	12	36	19	20	17	15	14	24	6	7	12	18	4
OTU6501	1				1	1	2		1		1	5			1	2	1	1		
OTU6509			3			6		1		2	1		1	2	1			2	1	
OTU6512	571	809	2702	636	1121	1240	1087	1612	2951	2587	1468	1243	337	555	2543	2008	1	2447	452	2072
OTU6520	2	3	7	4	2	7	7	3	2	4	1	2	3	3	1	2		6	9	3
OTU6531		1	1	4	1		2	1	2	1					1	3	4	1	1	1
OTU6541			7	8	6	7	10	9	2		11	11	4	7	4	5	2	10	2	2
OTU6543	2		26	12	22	18	24	31	11	2	19	15	16	11	14	43	4	30	17	3
OTU6546	1	1	16	1	2	11	2	7	2	10	2		3	4	1	45	5	2		1
OTU6551	1		1	2		2	17		2				1	3	9		4	1	13	1
OTU6553			1		4	2	2	3	2	1	2	1	1	1	1	1	2	1		
OTU6563	1	2		4	9	3	13	14	3		1	1	9	1	1		2		28	1
OTU6577			4	1	1	2	1	3	1			1		1	1	2			1	
OTU6578	1		10	11	17	9	11	16	13	5	8	16	6	12	13	18	3	14	15	
OTU6587	6	17	5	3	9	5	5	9	8	7	9	8	7	7	16	4	2	13	16	10
OTU6590	3	22	4	4	2	2	6	5	7	2	1	4	1	3	3	2	36	3	8	4
OTU6593	1		5	3	4	5	1	7			3	5	1	3	1	1		17	2	3
OTU6594			3	2	4	3	3	5	4	2	6	6	1	7	4	4	1	5	8	
OTU6602	2	1	5	9	9	11	4	9			8	7	10	9	3	12	4	19	7	2
OTU6605					3	1	1	2	4		1	1	1	2		1	2	5	3	
OTU6609	235	157	161	199	55	132	46	83	217	42	125	80	106	156	161	68	3	229	81	256
OTU6617	333	211	359	450	333	336	439	330	228	412	205	310	434	288	171	277	58	216	310	142
OTU6622	5	3	4	11	14	5	8	6	1	2	3	5	6	2	4	5	3	9	5	
OTU6656		1	2		6	2	3	6		1	1	1	1	1	1	1		1		1
OTU6679			2		4		2	1			2				1	1	1	1	3	
OTU6680			2	5	9	6	4	5	5	1	5	7	6	2	4	6	2	3	4	
OTU6686	17	47	10	2	2	5	5	1	13	8	11	6	3	2	15			10	27	33
OTU6688	1571	616	1242	1228	1381	1862	2301	1293	1257	1025	2467	1795	1744	1965	1252	1357	510	1408	1672	704
OTU671	50	862	727	663	673	132	150	149	449	112	150	114	42	103	615	95	48	470	128	1336
OTU6711	2	4	1	1		1	4	6	2	3	2	1				3	2		3	10
OTU673			2	1	4	4	2	4	1	1		1	2	1	3	3	1	4	2	
OTU6732	1		2	3	1	5	3	2	9	4	9	6	2	3	3	3	2	1	1	
OTU6744			1	1	1	2		1		1	1	2		1			3	1	1	
OTU6749	24	37	26	21	58	65	68	58	58	41	37	50	24	19	42	24	2	52	46	40
OTU6750	204	321	176	724	97	247	105	197	399	917	544	335	167	153	531	271		329	143	233
OTU6757	4	3	5	2	6	3	5	11	5	11		1	6	8	2	6	11	9	40	5
OTU6758	69	87	72	67	273	276	29	6	369	28	14	64		468	76	1	3	214	13	57
OTU6759	595	513	320	210	200	413	272	210	525	174	347	249	181	366	396	85	61	247	362	327
OTU6769	2	2	6	8	10	4	10	5	7	3	6	6	5	6	9	3		12	7	2
OTU6780	116	43	123	72	163	132	112	113	86	86	106	135	96	99	105	28	17	124	106	26
OTU6788	7	5	6		4	3	6	3	3	1	2	4	3	11	2	2	4	3	6	
OTU6794	1	9	1		3	1	1		1	4		4	4	1	2					12
OTU68			1	2	2	2	1	2	2	1			1	1		2	1	2		
OTU6808	1		3		2	4	2	6	1		2	13		23	1		1	4		2
OTU6816			5	4	12	6	4	7	3	2	4	7	3	3	5	10	2	2	7	
OTU6831	1		3	1		1				1	2	2	2	2		1		3	1	
OTU6835	2	3				1	1	1	1			1		1		2			1	2
OTU6836	2	2	2			1	3	2	1			6		1	1				2	3
OTU6841	3	1	24	33	55	37	34	30	10	2	17	13	10	21	15	21	15	32	21	2
OTU6846	376	2111	45	174	5	149	178	88	179	70	119	56	404	233	120	76	847	3	282	272
OTU6847		1	2	3	6	1	2	2		1	1	4	1	2	3	4	1	1	2	
OTU6854	1	1		1	4	1	2		1	2	2	2	2	3	1		3	3	1	1
OTU6855			1	1		1	1				2	5	1				1	1	1	
OTU6858	3	12	4	5	7	10	4	4	2		8	2	2	5	7			4	4	2
OTU6862	7	4	4	3	5	8	4	2	19	5	11	8	4	2	5	1	1	4	8	1
OTU6866	5	1	3	5	2	4	3	6	4	2	6	3	6	6	3	2		1	3	3
OTU6867	2	1		4	4	4	2	1	4	2	1	2	2		3	6		5	3	4
OTU6870			2	2	4	1	6	3	1	1	3	4	4	3	5	9	3	2	3	1
OTU6872	1	2	3	1	8	6	5	8	5	4	9	6	4	12	7	1		13	6	2
OTU6875	8	7	9	2	23	6	19	14	6	5	14	6	28	10	6	5	4	8	6	27
OTU6880	1		2	5	7	9	3	8	6	2	6	5	3	1	1	11	2	4	2	
OTU6881	3	1	58	6	47	9	23	6	2		6	48	1	27	3	11	2	7	1	4
OTU6898			8	9	10	7	10	13		1	5	16	3	6	5	4	5	8	4	
OTU6932	2		1	5	3	5	2	5			2	2	1	5	3	2		2		
OTU695		2	8	2	6	4	1	5		2	2	4	3	4	1	2	1	4	3	
OTU6987			5	4	4		3	2	2			2		3	1	3		4	2	
OTU6999	1			1	4	2	2	1	2		2	2		3	3	1		2	1	
OTU7009	10	2	1	13	3	17	7	3	1	2	7	6	12	13	9	2	9	6	10	3
OTU702	2		2	1	2		3	3	1		1	2	1		2	1			1	
OTU7020				3	4	4	1	7	2		4	3	5	3	3	3		2		2
OTU7026	2	1			2	1	4	1	1			1	1	1		1	1	1		
OTU7038	1	3		3					1	1		1			5	3			1	12
OTU7040				1	4	1	2	1			2		1	1	1			2	1	
OTU7041	2	3	2	2	3	5	1	4	1	1	3	3	1	2		1	1	1	1	
OTU7083	1	1	47	48	81	65	57	79	36	14	39	60	39	35	36	63	31	58	27	3
OTU7087	1		3	5	6	5	3	1	2		2	4	4	2	3	4	2	3	4	
OTU7091	1			1	2	1	1	1		1		1		2			1	1	2	
OTU7092			2	7	11	3	6	6	3	5	7	5	2	2	6	1	2	4	6	1
OTU7115	9	3	4	5	18	7	7	9	4	1	4	9	5	6	3	2	1	10	4	2
OTU7139	64	40	20	15	19	31	28	14	13	122	8	19	34	23	25	33	61	25	15	22
OTU7173		1	2	3	5	2	3	6	2	2		5	3	3	5	1	2	5	2	1
OTU718			1	2	6	1	3	4	1		6	1	1	1		3		4		
OTU7248			2	1	4		2	1			3	2	1	1	2	2	1	1		
OTU7249	8	3	11	7	10	5	6	10	4	3	8	7	3	3	11	5	3	11	3	6
OTU7254		1	2		5	4	3	3	2	1	2	5	1	1	2	17	1	5	1	
OTU7285			2	1		3	1	1	1				3	2				1	2	
OTU73			4	3	7	3	5	2	4	1	3	1	3	2	4	4		6	1	
OTU7303			1		3	2				1	1	1	1		1			2	1	
OTU7304	1		5	5	6	5	6	2	4	1	2	6	3	4	4	2		6	5	1
OTU7312			1	4	2	2		2	4	2	2		2	4	2	1		2		2
OTU7353			1	3	1	1		1			2	2	4	2			1	5		
OTU7392	3		1	1	1		1	2	3			1	2	1		1		1		
OTU7394				2	1		1	1		2	1	2				1	2		3	
OTU7423		1	4	4	8	8	7	8		1	3	3	1	4	3	6	2	8	2	
OTU7424	2		7	8	17	5	10	8	2	4	5	9	7	6	5	3	5	20	8	3
OTU743				4	7	2	3	6		2	3	3	1	1	1	4	2	2	3	1
OTU7440	9	3	33	40	53	43	49	69	15	10	39	44	22	33	24	79	21	68	44	6
OTU7449			1		1	3		1	6		1	1	1	3	1	2	1	1		1
OTU7471	4		7	6	20	12	6	17	7	3	7	13	14	6	9	24	5	12	6	1
OTU7503			1	2		2	2	2			4	1		1		2		3	3	
OTU7505		1	1		2	1			1			2		1	1			1		1
OTU7527	10	9	11	16	21	16	19	20	5	3	15	19	2	23	4	32	8	27	22	7
OTU7544			3	2	2	4	2	2	1	2	1	4	1	1	1	4		1	2	
OTU7549	11	9	15	13	14	17	11	15	7	5	10	11	9	12	15	10	3	22	12	4
OTU7560				2	2	2		1	1			1	1	1	1	1	1		1	
OTU7577	1	1	1		1	1	1	2	1					1		3			1	
OTU7611				1	1			1	2		2	2	2	1		1		2		
OTU7612	4	12	4	3				1	5	12				2	1	3			1	
OTU7641		1	2		7	5	2	9	4		1	2		6	2	11	4	6	5	
OTU7644	2		11	13	17	17	14	28	14	4	10	16	5	21	7	15	17	19	8	
OTU7691	322	286	222	425	9	94	287	177	29	326	525	895	524	994	41	584	268	108	208	72
OTU7695	1			1	1	1	1		1	1	1							1	2	
OTU7698			1	2	2	1	1	3	2				1	4	1	1	2		1	
OTU7707			1	1	3	1		1				1		1	2	1			1	
OTU7716				3		1	1	1		1	1	2		3		4	3	3	1	
OTU7741	1		1	2	1		1		1	1				2		1		1	2	1
OTU7744	12	6	38	30	69	57	60	48	27	11	43	43	23	46	37	107	25	68	27	4
OTU7761	14	28	34	30	8	8	9	4	12	8	4	10	12	52	4	51	50	8	12	50
OTU7765				1	4	2	1	4	2		1	4	1	1	2	1		3	1	
OTU778	1		3	10	1	5	11	3	7	2	8	9	1	5	8	8		7	5	1
OTU7782		2	16	6	17	9	14	14	7	3	8	9	3	9	16	9	1	22	17	1
OTU7807	12	24	1	31	11	17	26	21	8	7	7	8	10	63	9	50	15	16	27	2
OTU7816	43	18	22	11	83	12	26	21	30	17	19	18	23	19	23	49	8	55	55	41
OTU7825	31	8	15	12	10	9	16	15	3	4	9	10	4	11	8	4		12	17	7
OTU7828	6	19	4	5	2	3	5	3	7	1	3	2		3	10	1	43	5	14	15
OTU7831			2	3	11	8	6	3	3	2	4	6	2	1	5	8		4	3	
OTU7832			1	2	1			1	1		1	1	1		3	2	1		2	
OTU7836	11	23	46	10	12	17	14	11	24	18	7	3	7	3	66	58	6	11	15	47
OTU7851	8	1	13	5	20	18	7	13	8	27	10	31		11	24	22	1	17	15	1
OTU7853				2	9	3	2	1	1		3	4	1	2	4	3	1	5	1	
OTU7854	1		3	2	1	2	1	1			1	1	2	1	1	1		3		1
OTU7860	1	1	3	3	13	6	3	9	1	2	7	1		2	5	4	1	7	8	3
OTU7870	3	2	1	3	1	2	3		5	3	1		1	4				1	5	2
OTU7881						3	2			2	2	1	1	4	1		1		2	
OTU7882	17	5	34	30	75	29	53	64	36	24	44	48	40	31	72	27	4	54	25	21
OTU7900	206	166	100	67	85	70	96	99	173	210	184	92	106	108	82	57		211	104	115
OTU7907	6	2	5	5	15	6	5	13	3	1	9	14	1	10	5	18	4	5	9	1
OTU791			4	2	12	3	6	7	3	2	6	6	5	6	9	11	3	9	2	1
OTU7911	1640	611	152	1077	298	1103	807	1337	780	1221	1181	1036	809	764	717	798	1169	279	1184	739
OTU7920	1	1	3	1	8			1		5	1		1		2	3	1	8	1	
OTU7921	31	50	8	11	6	13	21	14	24	3	12	7	6	16	17	11	4	11	21	21
OTU7939	37	22	75	45	17	27	18	22	91	53	32	25	12	41	61	106	68	29	27	11
OTU7945	578	385	482	357	641	529	384	581	559	796	475	469	519	603	390	598	318	560	434	421
OTU7947	1	1	10	6	35	1	4		11	2	2	3	6	8	3	17		26	3	2
OTU7963	3	46	38	36				3	64	20	1	1			40	69	80	1	2	19
OTU7965	2	1	10	2	3	3	1	3	2	5	4	1		3	2	13	1	10	1	5
OTU7976	19	4	25	21	26	25	22	32	5	6	30	26	7	37	5	32	8	54	26	15
OTU7994				1	4	2	4	1		2	2	1		2		1	1	2	3	
OTU7997	3		1		5	2	5	6			2	2	2	1	1	4	2	3	1	
OTU8018	4	23	2	4	3		1	1	1	3		1			2	27	1	4	2	9
OTU8020	565	117	374	333	237	393	594	206	115	158	167	655	293	253	110	158	33	296	349	276
OTU8026	62	7	7	143	5	6	22	11		2	65	3		37	25	73	1			1
OTU8051				1	1	2	1	1			1	1	1	1		2				
OTU8053	1	1	1	1	5	1	1	3	1		1	2	1	5	2	5		3	2	
OTU8055	1		10	18	6	13	15	19	3	1	6	16	10	11	6	30	16	24	10	1
OTU8066		3	6			1	2	1	2	1	5	1	4		1			1		1
OTU8067	34	1	113	12	28	4	14	21	73	4	61	6	2	8	53	7		11	15	31
OTU8078	242	243	24	175	35	106	91	88	122	200	134	119	158	57	106	118	26	94	119	157
OTU8080	443	197	259	86	589	201	191	193	177	134	169	133	129	356	132	186	60	434	232	192
OTU8085	13	5	25	30	56	33	27	46	13	12	27	42	17	20	19	10	1	39	32	5
OTU8098	20	3	5	8	5	17	13	23	22	16	15	27	23	14	27	22	20	16	18	4
OTU8104	99	40	115	50	29	164	130	82	30	56	49	32	109	122	63	70	105	44	51	16
OTU8106	2	1	2			2	2		1	8					1	6	10			
OTU8118	20	31	30	26	3	5	6	5	32	30	12	4	11	3	38	13	17	7	4	34
OTU8147				4	2	2	6	2		3	2	2	1	2	1	2		2		1
OTU8159	1			1	2	1			1	1	1			2		1		1	1	1
OTU8160	2	16	1	4		4			2	3	1		6	6	2		27		1	
OTU8180	76	11	5	39	4	8	14	5	17	26	4	11		6	69	4	11		49	22
OTU8186	1		4	4	1	3	2	3			2		2	1		4	2	4	1	
OTU8195			5	5	8	9	9	9	2	3	3	9	3	5	2	12	7	10	4	2
OTU8197	10	14	9	44	2	4	10	1	8	22	16	5	6	6	13	42	359	2	8	11
OTU8199	5	1	2	7	2	9	4	7			5	3	2	7	1	5	1	4	1	1
OTU8218		1	2	6	5	2	1	2	1		2	3		4	1		1		1	
OTU8219		13	9	10				1	3	2			1	1	9	6	6			11
OTU8228	18	64	19	10	5	5	4	5	16	12	2	3	6	2	15	7		17	12	48
OTU8235			2	5	5	6	6	4	2		3	3	1	1	4	3		6	5	
OTU8239	16	20	2	12		2			12	1	19		5	1	10		2	2		13
OTU8257	79	30	50	56	28	41	52	49	17	33	55	54	12	35	39	14	50	23	59	57
OTU8261	2		6	1	5	3	1	7	3		4	4		1	5	5		4		
OTU8275			5	10	21	9	8	10	6	6	6	6	4	9	8	15	10	12	8	1
OTU8285	29	8	38	58	175	77	83	101	19	37	63	68	77	56	72	114		123	55	6
OTU8288	1		1	5	2	2	2	1		1		1	1	3	1	2	2	5	1	
OTU8289	46	202	219	48	13	53	43	62	64	363	28	35	52	48	49	402	623	17	27	83
OTU8291	1		2	1	2	1	3	4	1		3	3	1	4	1	5	1	1	2	
OTU8298	1	1				2	2	3		1	1		1	1		2		3		
OTU8318			1	1	5	4	1	3	1	2	3	1	4	3		3	3	5	2	
OTU8326			3	1	3	4		2	1	1		2	1		1	1	2	2	2	
OTU8342			3	3	7	7	2	6	4	4	2	5	3	3	4	6	5	4	3	
OTU8370	1		2	2	4	5	3	5			5	2	1	5	5	4		5	8	1
OTU8379	2		2	3	3	1	1	2	2		1	6		4	6	2	1	5	2	
OTU8391	9		7	6	13	10	5	15	4	1	4	5	2	13	10	4	9	8	1	3
OTU8418	33	35	50	19	7	11	14	14	23	16	22	18	8	17	64	9		13	21	45
OTU8421				3	1	2	2		3	1	2	2	1	1		1	1			1
OTU8431	1	1		2	1	3	6	2	1		2	2	2			3		2	1	
OTU8434	3			5	7	1	4	4	1		1	3	2	4	3	10	3	2	2	1
OTU8444	1		2	3	3	3	1	3	3	1	7		2	1				1	1	
OTU8446		1	3	5	7	4	6	3	2	1	1	8	4	4	8	10	3	6	2	
OTU8451			1	1	1	2		1			1			1			1	1	1	
OTU8453			1	4	5	3		1	1		3	2	3	1	1			2	3	3
OTU8467					1	1	1	2			2	1	1			2	1	2	3	
OTU8478	1		4	1	3	1	4	3	1	1	2	3	3	3				2	1	1
OTU8490			1	7	4	1	5	8	1			4	1	1	8	2	4	7	5	1
OTU8510	1	1	4	4	2	3	2	2	1	1	2	3	2	1	4	3	1	4	2	1
OTU8527			1	5		1	1	1			1	1		3	1		1	1	1	1
OTU8531			1	3	15	3	5	2	2	2	3		3	3	3	4	1	4	1	
OTU8532	2	1		1	1	1	4	2	2			2			1	1			1	
OTU8538	3	2	3	11	14	7	10	7	3	1	5	5	1	7	5	3		7	7	2
OTU8548				1	2	1	1	1	1		1	1	1		1			1	1	
OTU8557	5	3	2	1		1		1	3	4	1			2	1	3		2	1	
OTU8569	17	20	57	29	16	32	18	13	60	79	18	34	74	80	31	106	38	17	28	8
OTU8583	1	6	24	1	1	2	5	4	7			2	2	2	13	6	3		1	7
OTU8603	1		1	2	3	2	5	2	2	2			1	2	3		1		6	1
OTU8610	3		1	3	1		1	2			1	2	2		1	1	1	2		
OTU8643		1	4	5	2	1	1	2	1		3	5	1	1	1	7		4	5	
OTU8645			1	1			1			1	1	2	1			2		1		1
OTU8646			2	3	1			1	1	1	2	1	1	2		1	2	1	2	
OTU8649					4		1	1		3	1		2	1	3	7		3		
OTU8654			1				1	1		1	3	1	1			1	2		1	
OTU8657	2		20	29	41	27	40	39	20	15	22	37	22	24	30	46	17	32	27	
OTU8658	1		8	4	10	11	1	9		2	6	10	4	7	2	4	5	8	7	1
OTU8678	1		8	17	14	26	17	25	8	2	7	15	13	16	6	27	11	19	14	3
OTU8689	1		2	2	1		1					4	1	3		2		1		
OTU8695		1	9	12	4	9	12	12		5	3	12	3	9	6	13	3	19	5	5
OTU8700	3	2	11	10	22	11	16	20	8	2	8	12	4	12	6	17	6	11	6	1
OTU8711			1	1	3	2		1		1		1	1	1	2	3	1			
OTU8716			1	1	1	1	1	1	1			2		3	2	1		4	1	
OTU8729			3	1	1		3				2	1	1	1	1			2	1	
OTU8741			1		1	1		2				3		2	1	1	1	3	1	
OTU8742			3	2	4	3	6	5		1	1	2	3	3	2	3	1	4	3	
OTU8751	1	3	4	4	5	6	8	3	3		3	1	4		2	7		5	1	1
OTU8757			1	1	5	4	3	3		1	2	1		2	2	5	1	2	1	1
OTU8767			3	2	1	2	1	1			1			3			1	3	1	
OTU8784		1	2						1	1	2		2		3	1			1	1
OTU88			1	1	1	1		2				2		4		1		2	1	
OTU8804			7	14	21	11	15	17	9		12	10	3	19	12	18	8	20	9	
OTU8808	1			1	2	2	1	1	3			2	3	2	2	1	1	1		1
OTU8822			4	3	2	8	6	4			8	5	2	1	2	2	5	7	6	2
OTU8832				2	1	1	1	1	1		1	1						2		1
OTU8876		1	46	57	97	71	61	76	37	10	58	73	27	57	37	72	20	78	40	4
OTU8880	1		1	2	1		2	2				2		2		2		1		
OTU8881			5	4	18	10	10	10	3	3	10	11	5	5	10	4	3	8	6	
OTU8907		1	5	3	6	4	2	5	1		3	5	3	6		4	4	8	2	
OTU8919			1	3	1	3	1	3	1	1		1	1	1	2	6		2	1	
OTU896		1	9	5	16	10	9	4	3		8	7	6	5	7	11	3	8	4	1
OTU8976	2	1	7	7	20	14	11	9	9	3	4	6	8	7	6	16	4	12	9	
OTU925	9	3	8	5	10	9	12	14	5	5	1	11	3	6	4	4		10	4	
OTU930		1	1	3		3	2	2			1		1	2	1	1			2	
OTU994			5	3	12	1	6	10	3	3	5	2	3	2	5	6		5	4	
