OTU1006	1	1	1			1			1	2			1		1		2	3	1	
OTU1028	2	3	2			3	1	4	1	4	2	1	7	9	2	7	3	6	9	8
OTU103	15	4	5		6	5	1	7	14	6	3	6	10	6	6	9	4	3	11	4
OTU1030	1	4	2			1	1	2		2					1	3	2	2	3	5
OTU1036	3	5	1		3	5	2		3	6	1	5	5	1	3	2	7	4	10	4
OTU107	5	1	1			1	1		4			2		1	1	1	2		1	
OTU1080	44	54	50	1	30	67	24	65	38	46	27	33	44	44	52	36	46	27	70	68
OTU1099	6	3	9		4	6	1	3	2	2	6	1	5	2	7	3			5	1
OTU110	215	85	100	33	164	50	144	175	414	271	77	705	109	160	171	145	304	297	212	105
OTU1108	652	17	47	1	164	39	53	38	975	594	43	865	153	17	461	124	256	3	320	34
OTU1109	1	1	1		1		1			2	1			1			3	2		
OTU1117	1	2	1				1	1	2	2	2			1	1			1	1	1
OTU1119	6	9	13		4	6	8	5	5	5	3	1	2	2	9	8	5	8	15	8
OTU1120	2	1			1	3	1	3	2	2	1	2			5	3	3	1	3	1
OTU1123	1	1	4	1		1	1	1	1	1	1	1		1	1	3		1	2	2
OTU1189	9	5	8	2	2	9	4	3	6	8	6	5	11	6	6	6	11	5	9	14
OTU1225	2		11	1	4	3	1	2	1	3	1	1	1	2	6		4	1	6	4
OTU1234	1	3			1	1	1		1	1	2		3	1			1	1	3	
OTU1280	6	13	8	2	5	1	1	5	2	4	2	2	5	5	9	6	4		3	11
OTU1282		3	1		3		1		1	2	1	1		3	1	1	5	4	4	4
OTU1285	1	1	1		1		2	3	1	1	2	3	1	3	3	2		1		1
OTU1287	1	5	3	1	4	7		1	1			3	2	8			8	2	6	3
OTU1296		1	1		2			1		1	1		5			2	2	2	4	
OTU1300	3	2	1		1	2	1	2	1		1				2	2	4	2	2	1
OTU1301	5	1	4	2	5	4	5	2	1	5	1	3	3	20	2	4	7	9	1	9
OTU1305	5	3	1		5	3	7	7	1		1	15	6	3	3	3	18	3	6	3
OTU1306	1		3			1		1	1				1		1		1	1	2	
OTU1307	1		1				1		4	3		7		1	1	1	1		1	
OTU1314	2	6	2		4	3	4	4	3		3	1	2	2	2	4	2	3	3	2
OTU1316	2	2	2			2				1	1		1			1	1		1	2
OTU1319	3	6	1	1			2	1	1		5	5	4	2	3	2	4	8	5	5
OTU1321	14	11	9		8	8	9	10	8	13	11	4	3	14	12	10	11	10	10	19
OTU1339	1	2	1		1		1			5		1		1	1	1			2	
OTU1345	54	10	40	1	37	4	27	27	118	63	24	142	26	16	62	33	50	2	30	14
OTU1365	2	4	4		2	3	2	2	2	2	2	2	2	7	3	2		2	2	1
OTU1372	2	3	3	1	3	2	1	2	3	2	4	3		4	3	7	4	2	2	1
OTU1380	1	1				1	1				2	1	2	1	2	2	3	6	3	
OTU1382	9	7	8	3	1		2		5	2	2	27	4	1		2	2	1	6	11
OTU1385	3	6	1			2	2				4		2	1	1	1			1	1
OTU1388	1	3	1			1	2	3	1	1	3			1		3	1	1	1	2
OTU1393	4	1	2		1	1	2		2		1	1	1			1		1	1	3
OTU1402	23	17	13	2	19	17	12	11	13	16	12	7	10	14	23	17	21	8	19	39
OTU1425	25	30	14	3	10	26	6	11	14	7	13	17	18	17	11	12	14	21	26	24
OTU1452	12	29	29	2	15	32	10	15	9	6	14	5	20	21	10	20	23	27	28	35
OTU1457	3	13	2	4	3	1	6	3		9		1	1	5	1		6	14		2
OTU1463		1			2	1	1	1	2		2		2	1	1	1	2	2	2	1
OTU1464	10	10	3	1	6	5	1		4	3	6	7	3	3	3	1	6		2	6
OTU1465		2	1	1	2	1				1		4			1	3	11		3	
OTU1479	2		1		3	1		1		1			2	2	1			1	4	2
OTU1480	3	1	1		1	1	3	1	2	1	2			2	1	5	3	2	7	6
OTU1481	1		2				1		1	1	1	1	2		1		1			
OTU1482	1				2	2	1				2	2			1	1	1		1	4
OTU1504	4	2	1		3	1	1	2	1	3		1	5	2	3	4	1	3	3	1
OTU1508	9	12	5	1	11	6	15	10	4	6	11	3	8	13	11	13	15	14	8	28
OTU1509		3	1		1		1	1		2	1	1	3		1	3	1	3	2	2
OTU1513	8	1	2		2	6	3	5	8	3		4	1	3	7	3	5	1	5	4
OTU1525	1	2	4		1	6	1	2	2	1	1	2	2	3	1	1	2	3	1	
OTU1540	15	3	1		1	2	2		6	2	1	9	4	2	5	5	6	1	11	3
OTU1546	6	4	3	2	1	2	3	1	1	5	1	2	3	4		4	4	2	3	5
OTU1548	1	2	1		2	1				1	2			2		1	1	3		1
OTU1554	3				1	1	2		3	1	2	1		1	1	2	3	1		2
OTU1557	9	6	3	1	6	6	3	4	6	8	3	8	7	4	9	3	4	3	5	10
OTU1577		4	2		5	4	2	3		2	2		1	1	2	2	1	1	3	5
OTU1605	78	68	46	8	56	71	42	58	41	70	51	53	62	44	78	59	60	67	98	92
OTU1621	11	10	11	1	9	4	10	8	4	5	8	5	5	6	12	6	8	9	13	13
OTU1642	1	2	1									1	1		1	1	2	1	1	
OTU1661	3	3	2		1	4		1	2	2		5	2	3	5	2	3		2	4
OTU1665	1	1	1	1	1	1	1	1		2		2	2			1			1	2
OTU1667	2	2	1		2					1	1	1	2	1	1		2		3	3
OTU1675	7	7	9	3	8	13	5	5	7	6	4	6	14	12	11	8	6	16	13	12
OTU1677	22	26	25		19	34	16	12	18	25	12	9	21	22	31	28	24	11	37	30
OTU1680	3	1	3		2				1		1	1		2	4	1			5	
OTU1684		2	2		1	1	1	1			1		2	1	3		1			2
OTU1685	2	3	2		2	1	1	1	1	1	3	1	2	1	1	1	4	1	3	1
OTU1686	2	2	1	1	1			3		1		3	4	1		1	4	4	4	2
OTU1687	1	4			5	2		4	1			1		2	3	1	1	2	2	2
OTU1688			1				1		3	1	1	1	1					1	3	2
OTU1693	2	4	1	1	1	4	1	1	4	3	1	2	1	6	5		3	5	9	4
OTU1694	12	7	6		5	7	3	2	13	17	4	13	9	6	19	7	12	4	16	8
OTU1700			2		2			1	4	1	1	1	1	1	1	4	1	1	3	
OTU1704	7	12	9		7	4	8	4	2	7	2	3	9	14	7	3	11	9	12	11
OTU1707	3	1				2		4	2	2	3	3	3	4	6	3	1	5	3	1
OTU1718	1	2	1		3			1				1		1		1	2			2
OTU1723			3						3	2		2		1	1	1		5	3	4
OTU1752			1	1	1	2		1		2					1			3	1	3
OTU1756	3	1	1		2		2	2	2	2	1		1	4	4			7	3	
OTU1760	4	1	1		1	3			4	2		3	3		3	4	1		1	3
OTU1781	3	2			2	1	1						1		1	1	4	1	3	1
OTU179	1	1	1		1	3		3		3	1	1	1	2	1		1	1		4
OTU1810	2		1			1			6	4	3	3			1	4		1	2	4
OTU1874	23	32	8	7	28	21	17	9	7	22	11	9	13	23	24	20	24	27	34	25
OTU1889	2	2	3			1	1	1	1		2	1	1	1		1	3	1	4	4
OTU1898	8	14	3		4	11	7	4	3	4	6	2	7	8	5	4	9	11	12	20
OTU1917	3		1				2		1	1		1	2	1	1			1	1	
OTU1920	2	7	3		4	1	1	2	2	2	1	1	3	1	1	3		7	8	4
OTU1936	46	56	79	11	36	32	12	34	21	42	36	11	44	53	46	35	55	62	69	51
OTU1938	4	1	3			1	1	4	1	1	1			1		2		4	5	2
OTU1945	14	8	13	1	7	9	6	6	10	10	10	9	9	10	21	16	10	10	15	18
OTU1954	3	14	4		7	9	1	5	1	1	4	3	2	3	5	6	6	6	10	6
OTU1967	3	4	1		1				4	1			2	1	3	3	1	1	3	
OTU1999	5	17	8	3	6	16	14	17	15	28	3	6	18	13	18	20	25	32	28	29
OTU2036	3	8	3		2	4	1	2	1	2	2			3	3	2	5	8		3
OTU2064	3	4	6			2			1	2	3		3		3		4	1	2	4
OTU2086	110	76	97	7	60	120	43	54	47	61	69	42	96	94	97	82	64	60	108	148
OTU2121	3	1			1	1			2		1	3	1	2	2		3	3	1	4
OTU2141	1	1	2					2	1	1	1	1	1	1	2	2	2			1
OTU2152	3					1	1	1			1			2		3	1		2	3
OTU2174	1		3		1			3	1	2				2			1		3	1
OTU2175	2		3		1		2			1	1	1	1	2	3			3		1
OTU2177	1	2	1		1	1			1	1			3		2	2	1	1		1
OTU2179	150	67	56	29	120	42	86	92	225	208	43	232	72	64	117	122	163	171	152	73
OTU2180		1	1	1	3	1	1	4		2		1		1	1	3	1		4	3
OTU2183	1	2			2			1		2	2		1	1	1	1	1	4	3	1
OTU2185	4	5	4		2	4		3	3	1	2		2	1	3	3	1	5	3	8
OTU2198	78	12	38	10	69	13	56	32	150	101	32	143	27	33	76	44	139	43	82	30
OTU2211	12		1		1			3	11	9		21	1		11	4	6		7	1
OTU2224	7	5	5	1	1	4	4	5	6	7	2	2	7	4	8	8	6	4	7	6
OTU2251		1		2			2	1	3	2		1			1		1		2	2
OTU2252	4	1	1		1	2	1	1		5			1	3	2	2	3	2	4	2
OTU2264	2		3			2			1		1	1	1	1	1				1	1
OTU2273	1	1	1		1	1					1	1	1	1			2	6	3	2
OTU2274	19	8	16	2	22	8	14	14	65	48	15	74	10	15	28	15	46	24	32	10
OTU2276	4	4	1		2	2	2	1			2			4	1	2	4	1	1	1
OTU2277	1	1	1	1	2		1	1	1	2	2	1	2	1	2	2		5	1	3
OTU2278	2	4	3	2	3	3	1	1		2	1		2	1	1		1	7		6
OTU2279	1		2		1				2		1		1		1	4	2		1	
OTU2283	42	27	15	6	18	12	25	22	15	18	22	8	16	29	29	27	28	35	42	40
OTU2285	2	2	3	1		2		1	1		3	1	1		1		4		2	3
OTU2296	2	1	1		8	4	1		5	9	2	3	4	2	12	1	8	3	10	6
OTU2297	7	11	3			5	1		1	2	1	1	2	3	3	3	1	6	5	3
OTU2315	2	7			1	3	1		2	1			1	1	1	2	2	2	3	3
OTU2316	4	2	1		3	1	1				1	3	2	1	1	2	1		2	2
OTU2340	109	109	99	8	79	109	70	60	63	106	65	41	83	99	116	97	81	89	129	169
OTU2351	4	4	3	1	3		2	1	4		1	1	4	2	3	1	5	2	3	3
OTU2392		1			2	2	2				1	1	3				1	2	1	3
OTU2395	1				1	1	1					1	1	3		2	2	1		
OTU2396	13	8	6	1	6	3	8	3	2	7	6	2	5	9	6	3	3	9	14	8
OTU2402	4	3	1		3		3			4	1		1		2	1			2	2
OTU2405	32	29	27	4	23	30	19	17	18	18	11	15	20	25	23	25	17	29	41	33
OTU2414	1	7	4		4	5	1	2	2		2	2	2	6	4	1	2	6	11	8
OTU2416	5	5			4	5	1	2	1	4	4	3	4	4	7	5	2	7	4	4
OTU2418	4	1	1		1		1		1	1	1	4	3	2	2	2	3	4	2	6
OTU242	6	1	2		2	3	6	1	3	2		3	2				4	5	3	7
OTU2420	3		2		1	1	1	1	6	2	2	1	1	1	1	2	1	1		2
OTU2421	3	7	4	1	5	2	3	1	2	4	1	4	2		5	4	4	7	4	5
OTU2427	6	10	4	1	4	10		2	5	2	3	2	3	7	6	4	3	9	4	11
OTU2428	3	4	2			5	3	2		3	4	2	2	2	2	3	6	4	1	6
OTU2430	4	1	1			2			2	1		1	1	4	1				1	4
OTU2437	1	1						3		2			2	1	2	1	1	2	1	7
OTU244	153	168	65	34	144	76	97	103	145	241		3	4		3	6	25	41	11	6
OTU2442	6	13	6	1	8	5	4	6	3	8	5		7	5	1	9	11	7	11	5
OTU2446	5	4	4			3		1	3	1	2	4	1	4	3	4	3	2	9	4
OTU2461		1			1		2	2	2	1		2	2	1	3	2	3	2	1	
OTU2470	4	2	2					2		1			2		3	2	4		3	2
OTU2477	1	1	8		1	5	2	5	1	1	2	1	4	1	4	1	2	4	4	4
OTU2480	1			1		3	1		1	3	1			1		1	2	1	1	
OTU2481	1				2		1	1		1		1		2		2	1	1	2	4
OTU2487	1	2			1	2	2	1		1	2	2	1	1		2	2		3	2
OTU250	7	2	6	1	3	5	2	1	3	3	2	1	9	5	4	7	6	3	4	6
OTU2502	1	4	1		1			3	2		1				2		1	1		1
OTU2506	12	14	12	3	18	14	8	10	10	13	9	12	8	16	10	17	15	20	16	28
OTU2536	7	12	6	1	11	6	2	5	5	11	5	7	8	8	8	4	9	15	12	19
OTU2537	1	9	5	1	8	8	1	4	3	5	4	6	4	5		8	2	10	17	6
OTU2538	1	1	1		2	1	1	3	1	2	3	3	3	1	1	7	1	3	4	4
OTU2541	1	4	2		4		1	1	1	1	2	1	1		2	3		7	2	1
OTU2550	3	3	1		2	1	2	1		3	2	2	1	2	1		2	3		1
OTU2559		1	3					1	1	1		1	1	1	1		1			2
OTU2561	6	3	2	2	4	5	1	3		3	4	2	4	4	2	5	4	7	3	6
OTU2575		2	2			2	2		1		1	1	4		3		2	2	3	
OTU2578	1	3			3	1		1	1							2	2	1		1
OTU2580	1	3			3	4	2	1	2	1	2		3	2		3	2	1	4	2
OTU2581	8	13	8	1	8	7	4	5	5	3	4	1	12	5	4	10	4	15	11	4
OTU2583		1	2		1	1		1		1			1				2	4		3
OTU2589	6	2	1		1	4					4	2		6	3	2	2	2	7	4
OTU2598	9	8	8	1	5	6	1	2	1	1	4	3	4	6	5	5	6	3	10	9
OTU2601	2	2	1		2			2		2	1		3	2		2	3		5	1
OTU2602			1		1	1				1	2			1			1	1	4	3
OTU2607	2	1			1	2		1		1		1			2			1	4	1
OTU2608	1	1	2		1	3	2	1	1	1	3		3	1	1	2	2		6	
OTU2616	3	1	1		3	1	2	3					1	1	2	1	1	1	1	2
OTU2617	1		1				1	1				1	2	1	1			1	1	
OTU2623	9	2	1	1	1	2	1	2	3	1	2	2	1	2	1	4	2	6		1
OTU2641		2	4		2	3	2		1	3	1	1				2	1	3	2	2
OTU2643		1	1		1					1	2	1		2		1		2	2	
OTU2645	1	1				1		1	2		1	1		1	2			1	1	
OTU2705		1	2		1		1	2	1			3			1		2		3	
OTU2707			1		1		1					1		1	1		1	1	1	1
OTU2715	17	16	20	5	12	12	12	12	9	7	6	10	29	34	11	12	39	21	45	26
OTU2727	14	17	9	2	11	13	4	5	5	23	9	7	12	11	10	7	13	12	14	23
OTU2753	11	8	8	1	8	6	10	12	7	8	12	3	8	11	11	12	8	25	17	23
OTU2756			1		2		1				3	4	1	1	1	1	2	1		
OTU2761	5	1	1	2		4	1	1	2			2		1					4	2
OTU2764	3		1		1				1		2	1	1	2	1	1	1	2	1	
OTU2766	4	5	1		5	6	4	1	1	1	1	1	2	3	3	2	3	4	2	1
OTU2770	6	16	4	1	6	9		4	2	2	2	6	5	1	5	4	8	12	12	5
OTU2771	6	8	4		3	2	4	1	6	2			6	2	2	5	1	5	5	7
OTU2774	1	5	1	1	1	1	2			1	1			1		1		1	2	1
OTU2777			4		1	3		2	2		1	1		1		2		1	8	
OTU2778	4	3	6		4	3	4	1	4	5	1	3	5	6	4	5	5	2	16	5
OTU2784	5	2	3		2	1				1	1	1		2	1	7	3	4	7	1
OTU2788	1	1	1		1	1					2	1	2	1		1	2	1	4	1
OTU2806		4	1		1	3	1	1	1		1	1	3	2			1		3	
OTU2811		1	1		3	3	2	1				2				1	5	1	2	1
OTU2815	4	8	4		6	3	3		1	1		3	3	2	1	8	6	4	4	8
OTU2824	4	2	4		2			1		5	3	6	2	5	3		5	3	3	3
OTU2828	341	664	433	575	75	2742	4046	2553	190	172	1716	603	115	3791	139	10	157	3290	204	1940
OTU283	3	5	4		4	1	2	2		2	4	1		5	3	3	2	9	9	10
OTU2831	1	1			1	3				1	1	3				1	3	5	3	
OTU284	6	1	7		7		4	1	3	7	1	9	2	1	2	3	5		12	2
OTU2854	7		5	2	1	3	3	4	1	1		3	1		5		1	1	5	1
OTU2866	18	1	4	1	9	6	2	4	8	6	4	7	19	6	15	6	7		20	9
OTU2874	10	16	8		14	6	4	4	5	13	6	4	10	12	5	5	11	5	16	21
OTU2898			3		3	2	1	1	1	4	4	4		2	2	2				
OTU2912		2					1		1	1		2		1	1		1	2	2	
OTU2917	4	1	2			3	2	1	2	4	1		2		2	2		3		
OTU2923	1	1	1		4				4	3		1		4	1	1	4	5	3	3
OTU2935	10	6			3	4			6	3		5	3		4	4	3		6	3
OTU2936	1						1						2	1	1	1	1	1	1	1
OTU2938		1	2		1	1		2			1	2	1		1	1	1		2	
OTU2939	1	1			1			1		2		1		1	1	1		1		2
OTU2961		1		1	1				2		1	1	1	5	1		1	1	1	1
OTU2970	2	1			2		2	3		2		2	2	4	2	1		1	1	2
OTU3015	3		3			2			2	3		1			2	2	1	1	1	1
OTU3030	1	6	3		2	1		2	3			1	2	1		2	2	1		
OTU3035	4	5	4		1	1	2	1		1		1	3	2	5	3		6	5	4
OTU3051	10	4	7	1	9	6	6	2	3	1	4	2	7	7	9	6	2	4	7	10
OTU3057	2	1	2		1		1			1	2			2	2	1	1	2		
OTU3067	7	7	4	2	2	1	2	4	1	2		1	4	5	3	2		1	3	3
OTU3068	2	1	7		1	5		1			2	1	4	2	3		5	4	11	6
OTU3090	1	2	2		1		3	1	1		1	1		4					1	2
OTU3096	9		2		3	1	1	1	2	1	5	3	3	2	5		2	2	7	7
OTU3106		7		10	8	1	3		1	78	1	2	1	9	10		15	4		12
OTU3117	1	3				2	1	1	1		4		4	1	1		1	2	1	
OTU3142	16	9	9	1	10	9	3	7	6	7	2	7	5	5	8	7	4	4	11	17
OTU3148	4	1	1		1	3	3		4	2		2	1	5	1	2	2	4	3	
OTU3159	5	7	1	1	1					1			1	1		1	2			2
OTU3169	10	15	5		6	8	1	2	7	3	1	6	1	5	6	5	9	5	16	8
OTU3173	3	3	3		3	4	3			1	3		2	1	3	3	2	1		1
OTU318	7	13	7	1	5	4	4	1		6	3	3	12	4	3	5	4	11	15	18
OTU3192	3	4	3		3	3	3		4	5	2	3	2	3	4	3	2	1	4	5
OTU3227	11			3	4		1	1	6	3		20	2		1		17			1
OTU3245	13	10	19		14	17	11	11	9	11	9	12	13	15	17	14	10	22	27	25
OTU3250	3	3	5	1	1	1	1	2	13	6		3	2	2		4	1	7	2	5
OTU3259	2	4	2		3	2	1	2	5	2	4	1	7		4	4	1	2	2	4
OTU3293	3	2				1		1	1			2	1		1		1			2
OTU333		1				2	1	2						1	1	1	2	1	4	1
OTU3345	3	3	5		3	3	3	1		4	3	2	6	2	3	2	3	1	4	2
OTU3391	3				1		1			1		1	1	1		3		2	3	
OTU3422	2	2	5		3	5		2	1	2	2	1	3	6	5	5	4	6	1	2
OTU3439	10	12	2	2	8	6	4	4	8	7		9	2	4	8	7	10	3	10	4
OTU3463	2	1	2		2	1	1	1		1		1	1		1	1	2		1	1
OTU3475	1	2	3	1	1	4	2	1	2	1	1	2	5		1		4		4	2
OTU3483	7	3	6	1	6	3	2	2	6	5	1	2	8	1	13	2	6	1	5	4
OTU3499		1	2		1	4	2	2		1		1	5	1	3	2		1	3	2
OTU3523	40	2	13	3	14	3	21	22	66	42	14	73	8	35	24	12	26	22	23	11
OTU3524	3	6	2	2	7	7	1	6	5	11	2	2	12	3	8	3	5	6	7	16
OTU3531	45	9	4	13	47	1315		1	735	605		1	20	1	55	125	15		194	1
OTU3536	104	109	61	8	84	106	66	76	71	107	57	42	74	103	112	74	92	77	133	127
OTU3542	27	7	5	16			1	8		3		1	2		6			4		
OTU3552	6	2	4		4		4	3		9	9		4	6	14	4			3	2
OTU3570	8		6	4	7	5	8	15	6	10	10	16	5	9	9	2			1	
OTU3583	2		4725	1125	2994			1	9		3274		3236		1902	5983				1587
OTU3584	2			1		1				1		1	1		1	1	2		1	2
OTU3587	3	3	1		5	2		3	1	1	2	1	1		5	4	3	1	1	
OTU3593	3436	4761	5490	2238	3983	6819	4566	6198	4412	1729	5399	8565	6297	5736	3644	3250	4644	5485	3202	5639
OTU360	5		4		2	2	2	3	2		2			7	2	4	5	4	4	6
OTU3620	4	1							2		1	4		1	1	1		1	1	
OTU3638	117	2	16		20	18	24	4	190	79	10	239	19	4	55	49	125	7	27	10
OTU3648	1	2	1		1	3				1	3		5	1	3	3		3	6	3
OTU3656	10	7	6	2	8	8	6	1	5	12	6	2	10	12	4	5	5	12	13	8
OTU3668	3	4	2	1	3	2	2	4	1	8	1	4	1	1	9	2	4	1	6	1
OTU3671	5	115	30	133	10	28	65	36	5	12	18	12	3	185	7	1	25	88	5	136
OTU373	11	3	7		3	2	3	3	6	3	1	2	6	6	7	5	3	4	8	4
OTU3748	6	3	1		3	4	2	1	3	3	1	4	1	2	5	6	5	3	4	3
OTU3764		2	7	1		1	12	36		2	4			52				47	1	3
OTU3768	4	28	7	6	3	3	24	3	1	97	11	2	3	1	12	1	7	26		26
OTU3780	4	3	1		4	3		1	2		1		3	4			1		6	1
OTU3781	4	5	1		4	2	1		1	1		6	4		6	1		2	4	5
OTU3806	137	140	88	23	110	107	67	70	67	104	78	50	84	112	144	110	95	105	176	165
OTU3808	2	3			2	3		1			1			1	1	3		3	2	1
OTU3813	2	5	2		1	1	1	1		3	3				1	4	1	3	1	3
OTU3833	9	7	5		8	8	3	1		5	5	4	4	2	11	6	3	7	11	6
OTU3841	4	1		1	3	1	1		3	4		4	1	2	2	4	2	2	3	2
OTU3860	4	14	1		8	5	4	5	5	3	8	1	8	8	10	15	5	12	7	15
OTU3883	9		4	1	7	3	29	20	30	18	2	11	2	2	17	16	3		1	1
OTU3890	4		2						3		1	1	3		1	1	1		6	
OTU3906	3940	794	1874	707	2709	1289	3833	3723	3020	5405	2843	2211	3103	1837	3855	2431	2636	2244	3083	833
OTU3909	3	3		2			1				2	3		1			2	1	1	3
OTU3953	4	2	1		1	2	1			2	4	1	3	3	5	1	1	3		2
OTU3962	2	3	5	1	1	3	2	1		4	2	1	5	2	3	4	3	5	7	6
OTU3968	10	3	5	2	8	6	8	5	1	6	3	7	4	7	13	6	10	19	14	18
OTU3983	9	4	3		6	5			1	4		3	3	4		4	5	6	3	1
OTU3984	41	28	19	2	36	27	17	27	14	22	19	17	24	20	41	23	47	27	40	45
OTU3987	14	18	17	1	10	22	19	7	7	15	10	3	6	14	16	13	20	41	16	26
OTU3992	150	156	123	9	104	124	81	66	69	68	72	54	83	129	119	112	102	89	155	210
OTU4001	5	11	3	2	1	4			10		1	8	3	1	2		2		2	3
OTU4004	1	3	1				2	2	2	1	2			1	1	1	2	2	2	1
OTU4023	1	5	3		2	5	3	2		3	2		2	3		6	3	1	5	4
OTU4030			3	3	5	3		8		3	1		2	2	6				1	
OTU4049	1	1	121	88	14						269		22		23	2				38
OTU4061		2	1		3	4			1		1	6	1	5		4	6	1	1	1
OTU4074	7	7		2	7		8	8	4	4		10	1	1	7	1	11	10	6	5
OTU408	4	1	1				2	1	12	3	1	12		1	6	1	3	3	3	2
OTU4080	3	6	4		9	5	3	2	1		2	4	2	10	4	2	5	1	6	4
OTU4082	1	3		2	2		3	1			1	1	1		1		4	1	3	1
OTU409	2	2	1			1	1		1				1	2		1	1	2	5	
OTU4096	2	3			1	3	1		22	9	3	51	1		10		8		20	
OTU4102			4			1	13	1	5		1	1						1	1	3
OTU4129	1	3	3			2		1	2	1		2	1	2	2	2	4	1	3	3
OTU4132	207	218	179	22	119	192	119	137	95	85	98	77	140	191	164	149	152	176	230	285
OTU4147	7	6	3	1	5	13	4	3	3	5	7	13	13	15	5	16	2	10	17	15
OTU4176	4	2	6			1	3		3	1	3	2	8	2	4	4	7		3	6
OTU4177	1	5	1		2	2	2	2	4		2	2	3	1	2	4	5		2	1
OTU419	1	1					1	4			1	1			1	1		4	3	
OTU4214	3	6	11		6	4	6	2	7	7	3	1	8	8	9	6	10	10	3	8
OTU4231	1		1	1		1					1	1	1	1		1		1	2	
OTU4234	1		5		1	1	1			2	1					4		1	2	1
OTU4282	3	8	6		5	1	2		1	5	1	1	2	4	3	3	6	8	6	5
OTU4300	2	1	2			1	1	1	2	4		1		2	3	1			3	1
OTU4304	2	1	5		1					1	1	1	2		6	2	3		3	
OTU4331	3	10	8		5	4	1	5	8	1	7	1	1	11	2	5	5	6	5	15
OTU4350	1				1	1		1	1		2		1			1	1	1	1	2
OTU436	1	1					2		1	1	1				3	1	1	2		1
OTU438	2	4	3		4	1	4	2	2	2	3		3	3	1	6	3	3	3	2
OTU4387	23	17	13	3	7	9	6	5	9	12	11	6	7	19	11	9	10	17	20	18
OTU44	2	1	1		3		2	1		1	1	1			1		2	1	1	3
OTU4406	1	1	2		2			1		2		1	2		1			3	1	
OTU4412	5	8	8		1	2	4	4	3	2	5	1	3	4	7	6	6	6	10	7
OTU442	98	114	92	10	84	97	51	42	40	54	52	49	57	92	113	75	87	95	126	160
OTU4441	28	22	13	7	39	9	30	21	24	34	13	20	21	41	41	20	21	15	29	25
OTU4456		1			1	1	1			2			2			1	2	1	2	
OTU4459	2	2				1	1			3				1	1		1		2	3
OTU4463	6	2			2		2			1		1	1	2	3	1	3	1	4	2
OTU451		2			1	1	1			1		1		1	1	2			2	1
OTU4538	2	1	1		1	5	1	1			4		2	1	4	1	1		1	2
OTU455	72	92	74	9	81	84	47	34	40	49	59	34	53	78	100	78	86	64	136	118
OTU4553	4	2			3		1		9	3	2	4	2	2	3	2	1	1	5	2
OTU4579	1	2	1		2		2	1			2	1		1		1	4	1	2	2
OTU4589	1	3			1	2	1		1			1		1			1	1	4	
OTU4626	1	6	1	3	4	1		5	1	10	1	1		1		1	4	4		2
OTU4638	5	8		8	1	9	27	10	1	5	4	1	3	16	8	6	3	6	4	11
OTU4649	8	9	7	1	4	14	7	6	5	11	6	6	5	8	10	10	9	10	6	21
OTU4665	13	17	9	1	12	6	6	7	8	10	10	1	17	16	11	17	14	33	21	21
OTU4671	1	2	2			1	1	1		1	1			6				2	2	5
OTU4687	3				1	2	1	1	1	2		3	2	2	4	1	1		7	2
OTU4690	3	3	2		1	2				1	1			2		3	4	3	3	
OTU4706	2	3	2		2	3	1		2		1	1	4	1	3	2	3		2	
OTU4759	3	6	1			2	4	3	1	1		1	2		1		3	9		3
OTU4762	5	23	16	3	6	9	3	16	1	1	12	4	18	15	5	3	13	16	20	22
OTU4778	11	5	4		10	10	2	2	8	10	4	9	7	6	12	7	12	6	11	10
OTU4801	21			1		13	28	11		64	1			6	2			12	2	1
OTU4802	91	24	18	5804	1	25	11	9	14	30	20	38	25	11	15	2	34	6	8	9
OTU4803	6	2	4	1	2	6	4	3	2	5	5	4	5	8	7	2	3	4	6	5
OTU4812	1	2	1		1		4	2	1			1	1	1			1	5		4
OTU4815	38	40	36	7	40	43	24	13	16	20	20	28	46	38	21	36	38	30	69	66
OTU482	1	3	2					1							1	1	2	2	2	2
OTU4831	2	2				1		1	4	2		1			2	2	1		3	
OTU4838	25	39	19	5	26	11	11	11	9	14	11	13	18	24	16	14	20	33	36	43
OTU4848	27	17	14	1	8	6	5	10	1	13	7	4	3	10	12	9	20	19	16	22
OTU4883	17	40	12	2	16	17	11	10	13	12	4	10	16	14	18	14	12	12	23	23
OTU4884		1	1			1	5	2			2			1	1	63	30	5	1	2
OTU4886	1		4		2	2		2			1	1		4			1	2	4	2
OTU4923	6	3	1		3	5	4		7	4	3	2	6	1		9	3	3	11	6
OTU4931	2	4	5		3		2	1	3	5	2	2		5	3	4	2	1	1	7
OTU4947	4		2		2	1		1		2	2		6	2				1	1	1
OTU4996	1	5		1	3	1	1	1	1	1		1	3	3		1		1	1	
OTU5008	1	1			4	1		1	1				1			1	1		3	1
OTU501	1	4	2			1		1	1						1	1			1	2
OTU5029	4	4		1	3	1	2	1	2	3	3	7	3	1	5	2	5	2	5	6
OTU5039	13	7	6		9	9	6	2	1	5	7	7	4	4	9	11	6	1	11	13
OTU5041	1	1	1						1			2	2		2		2	1	2	1
OTU5042	1	2	3		2	3	2	2		1	1	1	7	1	6	2	5	3	5	
OTU5049	6	4	2		4	3			11	3	2	8	6	1	9	2	7	1	15	2
OTU5051	1					1	1		1	1		2		1			2	1	4	2
OTU5052		1			2	3	1		1	1		1	2	2	1	2	1		2	3
OTU5053		2	3		1					2	1		1			1	1	2	1	
OTU5054	2	10	5		8	1	2	3	1	5	3	1	4	3	4	4	2	8	2	8
OTU5055	4	1	5			2			2	3		1	2	1	2	1	4			1
OTU5056	2	6	3		1	5	3			1	1	1	2	4	2		2	3	2	2
OTU5058	6	7	4		3	4		5	1		1		2	5	2	1	1	3	2	5
OTU5060	2		2		2			1		1	1		2	4	1	1	3		3	4
OTU5063		3	1		2	2		1		2	3		3	2	3	1		1	4	5
OTU5075	6	1	1	1	2	1	3		4	5	1	4	5		3	2	8		7	1
OTU5082				1		1			1	1		2	2	1	1		3		2	1
OTU5086	2	1	1			2	1	1					1	1		1	1	5	1	1
OTU5092	15	19	16	2	4	19	13	7	6	9	9	11	19	17	14	12	12	15	16	22
OTU5099	2		1		1				1						2	1	1	2	3	2
OTU5100	306	88	494	26	321	199	85	398	352	488	282	306	154	236	412	625	47	57	42	313
OTU5103						1			1		1		1		1	1	1	1	1	1
OTU5107	2	3	1			2	1		1	1			1		1		1		1	
OTU5119	3	3	3	1	1	5	3	2	2	6	2	3	7	5	6	5	2	2	9	6
OTU5128	27	46	35	3	31	38	20	31	28	24	24	31	26	49	29	42	38	36	68	40
OTU5144	8	6	3		2	3	3	1		1		5	4	2	2		6	5	8	7
OTU5146	21	18	11		7	9	7	9	3	7	6	6	9	8	7	5	11	13	17	9
OTU5151	26	22	11	1	15	8	13	11	11	8	10	13	16	16	20	16	24	25	32	27
OTU5190	3	6		3		1	2	1	2	1		2	1	2						3
OTU5195	23	5	5	1	22	24	12	8	15	24	5	29	25	6	22	23	21	3	46	9
OTU524	1	6	1				3	1	3	2	3	2				2	1			5
OTU5254	2	3	2		1	1							1	2	1	1	2	1		1
OTU5286	2	3	1		3				1	1			3		1		2	2	1	2
OTU5294	177	18	2	4	62	1	1	2	26	95	6	27	22	6	26	40	48	1	125	5
OTU5297	7	2			3	3	1	1		1		1	1	2	6	1	4	3	1	9
OTU5299	3	1	5		4						1			4	4	2	3	1		3
OTU530	14	20	10	6	9	2	5	11	7	12	8	5	7	18	14	18	13	27	27	10
OTU5308	3	1		1		4		1	1	5	2		3	1	1	1		2	4	4
OTU5319		3			1	1				2	1	1	3	5		1	1	1		5
OTU5323	7		1	4	33	17	8	9		86	9	63	78	80	84	7	107	331	93	1
OTU533	4	1	2	1	3	7	4	3			2	1	4	5	6		4	1	11	5
OTU5332	1	3	1	1		1	1	3		1			2	2	2		1	2	5	1
OTU5333	10	53	1	2	23	1	28	52	2	297			2	25	1	1	111	52	53	12
OTU5334	7	9	5		4	2	1	1	1		3	2	3	4	5	2	3	4	4	4
OTU5340	21	9	10	2	12	13	8	9	10	13	11	7	13	13	9	8	14	9	16	17
OTU5360	1		3	1		2	2		1	1	2	2	3	2	1		2	1		3
OTU537	1	2	1			2	1									2	1	1	2	4
OTU5377	23	20	80	40	4	53	12	9	6	83	32	39	27	2	111	7	48	18	25	21
OTU5429	1	4	9	2	4	3	4	3	3	2	1	2	2	2	5	5	2	6	14	6
OTU5444	7	17	4	1	3	7	6		1	7	4	3	3	8	6	4	5	9	11	9
OTU5455	73	55	50	9	69	33	35	38	52	40	35	36	44	52	67	60	81	52	85	75
OTU5465	80	81	66	4	75	83	39	49	42	65	64	28	50	77	79	66	61	67	94	105
OTU5472	1	4	3		2	1				1			1	1	1	2	1	3	2	
OTU5483	1	1	1		1	3			2	1	1			1		2	1		3	3
OTU5495	101	20	48	10	174	1		1	24	121	112	30	10	3	145	49	64	3	48	6
OTU5497	6	4	8		3	5	2	2	3	2	2	3	4	3	6	5	3	1	5	7
OTU5500	6	5	4		1	2	5		3	4	2	2	2	2	3	3	3		2	5
OTU5508	2	1	1		2	2		5	3	2		1	3	3	4	6	1	1	6	4
OTU5528	5	5	3	1	10	1	3	2	4	2	2	3	7	7	2	5	3	14	13	6
OTU5530			1						1	1	2		1		2	2	2	1	2	4
OTU5540	44	4	3	17	27	16	32	45	4	44	24	103	22	8	22	5	48	35	52	20
OTU5554	1	1			1	1	1	1		1			1					3		1
OTU5565		1			3			2	1	3	1	1	1		4		4			
OTU5570	24	43	19	3	20	29	14	15	17	13	24	21	18	34	14	21	26	30	52	38
OTU5576	9	11	4		5	5	4	2	2	4	4	1	8	3	6	6	6	4	9	7
OTU5599	1	4			3			1			2		3	1	1	1		3		
OTU5604	2		2		1	2	2		2	4	3	1			2	1		1		4
OTU5609	1	2	1		2	4	1	2		2	3	2	3	1		1	2	2	3	
OTU5615	2	1				2	1		1	1		1	2				4		1	2
OTU5629					1	1		1	1	4			1	2		1	2			2
OTU5633	3	5	1		1			1		2					1	1		1	1	1
OTU5638	11	9	7		6	7	5	3	1	11	7	1	4	5	1	5	3	9	9	17
OTU5639		1			3					1	2	1			2	1	1		2	4
OTU5649	15	16	12		12	13	6	6	6	25	11	5	16	16	4	17	21	15	21	19
OTU5653	107	96	78	6	87	66	69	63	42	69	61	36	61	73	109	85	113	114	132	147
OTU5695	1	1	1			1			1	1			2	1		3	1	2	3	3
OTU5709	4	2	3		5	7	5	1	1	2	1	3	1	3	5	2	3	4	4	8
OTU5710		4	1		1			3		1	2		1	1	7	1	1	2		
OTU5722	1					2			2	1			1	1	1	1		1	1	4
OTU5727	3	2	3		1				1	4		2		1			2		1	2
OTU5732	6	11	5		4	11	1	2	6	3	4	6	7	4	3	5	11	3	12	5
OTU5733	1	2	3		2	4	2	1	1	1	2	2	3		2	2			9	5
OTU5735	2	7	3		2	4		3		4	6	1	1	4	1	1	7	5	6	4
OTU5744	5	9	1		4	7	6	1	1	4	3	4	2	8	1	4	2	5	4	6
OTU5763		5	1				1					4	1	1	1	1	1	1		
OTU5765	30	37	29	5	42	50	27	13	22	11	23	16	32	38	26	37	37	38	66	53
OTU5768		2	1		2	1	1		1		2		1	2	1		3	2	1	2
OTU5773		1	1		2		1			1	1	2	1		1		1		1	
OTU5783	21	26	31	7	20	25	15	20	13	20	11	15	25	36	18	23	18	30	36	36
OTU5789	15	13	7	2	4	10	2	7	3	5	1	3	7	10	9	1	15	3	16	11
OTU5795	4	3	3		4	1	1	8	3	4	4	1	4	3	6	5	5	1	9	5
OTU5798	2		2		1	1	1	1		1				1		1	1	2		1
OTU5804	1	4	3		3	1	1		1		1		3	4	1	1	2	2	2	1
OTU5836	2		1		2	1	1		1	1	2	1		1			1	2		
OTU5837	10	9	5	1	4	9	5		3	5	13	9	7	1	10	4	11	3	11	10
OTU5863	2	1	1			2	1	1		2		1		1	1	2	1		1	2
OTU5866	5	17	6	5	3	13	1	3	6	11	1	10	7	9	2	3	6	5	13	9
OTU5870		2	1		3	2		1		1			1	2	1	1	1	2	1	2
OTU5871	2	4	5		3	3	1	1		3		2	1	5	3	1	1	3	4	3
OTU5873	2	2		1	1	3	1				3	1	1	1		1	2			2
OTU5876	4	4			2	1			2	1	2	1	1	4	4	5	4	1	1	2
OTU5877	1	6			1	1							1		1	1	3	1		2
OTU5881	1		2			1			1	3	1	1			4	1		4	1	4
OTU5882	2	4	1		1	2	2	5		4	2	1	2	2	2	2	3		4	4
OTU5883		1			1	2			1	1					1	2	1	1	2	1
OTU5887			2		2			1	1			1	1	1	1	1		1	1	
OTU589	2	4	4		2	1	3		3		5	1	3	4	2	4	3	3	6	4
OTU5890	7	3	4		7	2	1	1	8	4	2	1	6	1	8	1	6	2	12	5
OTU5895	1	2	1		1	1	1		1		2			1	1		2	1	1	1
OTU5897	3		3		1	1				2		1	2		1	2	4		3	1
OTU5923	3	1	2			1			5	1	1	2		1	3	1	3	3	2	1
OTU5924	28	2			25			1	105	79		21			4	2	163		41	
OTU5932	1	2	1	1	2	1	1		1	5		2	1			1	1	3	2	2
OTU5938	21	4	2	3	13		2	28	1	83	2	63	12		7	1	10		35	
OTU5951	3				2				3			2	2	2	2	1	1		3	1
OTU596		1			5	3	1			2	1	2	1	3		4	1		2	3
OTU5963		2	2	1	3	4		1	2	3	3	2		2	3	4	1	1	2	3
OTU5973	2	3	1		1	3		1	1	1	1		1	1	4				2	1
OTU5974	6	11	10		10	20	8	3	10	9	9	3	9	16	17	8	9	12	13	18
OTU5976	3	4			4	3		1	1	4	2	1	2	1	4	1	1		2	5
OTU5977	33		1			42	2		3	93		109	1	13	4	1	18	1	40	5
OTU5979	119	24	1	2	32	28	7	26	43	172	2	54	19	2	15	7	97	3	158	13
OTU5997	1		1	1	1				2	1	2				1	2	1		1	
OTU5998	3		1		1				3	4	1	3		1	1	1				
OTU6005		1			1	3	1	1	1			1	1	2	2	1			3	2
OTU6017		4		4	2	1			3	10		2		5				2		8
OTU6039	2	3			1			1	2	3		3	1	3	1		3	2	4	3
OTU6040	1		7		1				6	128	27	7			2		1		2	109
OTU6041	2	1			3	1	1	2	1	1	1							1	1	3
OTU6042	271	119	135	34	170	52	186	108	1138	508	71	954	74	212	242	166	343	152	248	124
OTU6044	3	5	174		3	5		2		3	1		4	1	1	44	3		1	3
OTU6045	1	1	2		2		2		1			1		2		2	1	1	3	1
OTU6055	25	260	64	16	32	22	98	85	10	82	53	1	31	105	20	12	22	50	54	156
OTU6082					1				2	3	2		1		1		2	2	2	1
OTU6108	2		2		2		1				2		2			4	1	4		2
OTU6115	2	1		1	1		1	1	3	1	1				1		2			
OTU6117	1	1	3		1	1			2	1	1	2	1		1			4	2	2
OTU6147	2	3	1			1	1				1	1	1		2	1			2	1
OTU6152	4	2	3		3		2	2	3	2	1	1	3	1	5		1	3	5	3
OTU6195	13	8	7	1	10	7	8	4	8	6	8	8	13	9	9	8	8	5	12	20
OTU6222	1	3	1		1	1	1	1	3	4			5		1	2		1		2
OTU6234	47	908	20	6716	27	21	30	34	10	63	32	27	23	18	18	15	18	12	23	22
OTU6251	1				1	1		1	1	1	1	1	1	2	3	3	3	1		2
OTU6254	2836	3486	928	1033	3288	1930	2048	2476	10	1508	1435		2269	1789	2328	2105	3995	2232	3339	653
OTU6257	3	5	9		4	3	1	2	2	2	3	5	3	2	4	3	7	1	6	6
OTU6261	3	11	1	3	2	1	1		1	5	5	2	2	5	2		6	3	6	4
OTU6274	2		1			1	1				1	2	1			2			1	1
OTU6307	2		3			2	1	3	1	2	1	1	2	4				2	6	
OTU632	1		2		1	3	1		1	4	1	1	1	3		1			2	3
OTU6366	7	8	6	8		7	13	2	4	9	10	3		3	1	1	1	3	1	3
OTU637	15	8	18	3	4	7	11	10	7	3	7	5	8	5	9	11	14	15	11	13
OTU6392	3	4	1		2	1	1	1	2		1	4					3	2	2	6
OTU6403	79	60	47	4	44	66	28	15	46	40	34	29	41	59	73	50	59	37	74	84
OTU644		4			1	1	1	2				1	2	1			1		1	3
OTU6442	43	68	35	26	16	52	37	30	30	31	18	6	20	38	47	48	51	35	45	74
OTU6454	1	4	7		1	3		11	1	1		1	3	10			4	10		
OTU654	1	5	3		2	2	4	1	2	4	1	1	1		3			1	2	5
OTU6541		4	3		3	2	1		3		1	13	3	2	3	2	1		2	1
OTU6543	12	33	19	1	12	13	11	14	9	7	15	5	5	20	3	7	3	11	8	26
OTU6551	5	30		2	2	1	2		7	5		7	6	1	6		2	16	3	1
OTU6578	7	2	8	1	1	4	2	5	1	6	4	10	7	12	9	4	8	11	7	9
OTU659	1	4	2			1	1	1			1						1	1	2	
OTU6594	2	1	1					3	2	2	1		1	2	3	1	2	3	2	1
OTU6598	1	1	1		2	1	1		1			2			1	1			1	
OTU6602	12	39	12		11	10	8	10	2	4	6	10	14	16	8	13	18	22	16	17
OTU6605	4	3			2	1	1	2	1	1	1		3	1	1			5	1	2
OTU6622	15	7	13		8	15	9	7	10	18	10	4	9	22	9	7	7	19	15	9
OTU6625	4	3				1				1		2	1	1	1	2				1
OTU6680	1		3		1				2	1	2	4			1		4		3	1
OTU671	20	10	83	8	1	5	65	11	71	11	6	77	16	93	24	8	25	10	10	9
OTU673	3	4			4	5		2	7	5	3	4	2	1		8	2	1	10	4
OTU6749	3	21	5	21	2	18	10	26	4	17	5		3	28	4	5	5	43	4	24
OTU675	1	2	5	1		2		2	2	2	2	1	3	2	1	5	5	4	2	4
OTU68	3		1		1	1			2	4	2		1	3	1	3		3	5	4
OTU6816	4	2	13		10	4	4	6	3	6	4	4	9	7	5	4	8	13	11	11
OTU6841	40	30	40	2	32	28	23	26	27	32	19	13	36	37	23	34	38	40	51	57
OTU6845	3	1	3	2		3			2			1		3	3		2	2	1	3
OTU6847	6	3	5	2	3	1		3	4	3	4	3	3	3	4	3	6	2	5	3
OTU6854	6	9	7	1	8	4	3	3		3	1	3	3	7	4	6	3	7	8	4
OTU6855		2		1					1			3	1	1	1		1	1	2	
OTU6870	9	1	4	2	10	3	4	4	9	4	4	3	8	4	10	8	7	2	12	13
OTU6875	8	65	411	1	1		337	6		5	9	24	13	379	1	6	3	304	1	42
OTU6880	4	10	9		7	2	3	6	7	6	7	5	5	14	7	6	12	14	12	17
OTU6898	3	7					1		5		1	6	2	3	2	1	1	2	3	1
OTU6932	5		3		2	2	1		4	4			6	5	3		3	2	5	3
OTU695	8	6	2	1	4	8	5	5		3	7	3	5	8	3	3	6	6	7	16
OTU6957	3		2		1	3		2	1		1	1	1			1				
OTU6961		4				2		1	1	1		1		4			2		1	1
OTU6984		1	5		6	2	1	1		1	2		1	1	1	1	4	1	1	5
OTU6987	4		5	1	1	4	5	1	3	3	4	5	6	1	5	4	2	3	1	4
OTU6994		69		6		1	34	6			1			8			78		162	12
OTU6999	11	4	4	1	2	7	4	6	5	4	4	4	5	2	9	4	4	9	3	7
OTU7009	16	36	28	3	14	20	20	15	18	42	10	6	62	34	24	11	28	22	40	10
OTU7019	3		2		1	2	1			1	2	1	1		2	2	4		4	2
OTU7020	4	5	7	1	4	2	2	4		2	4		5	4	2	2		5	3	4
OTU7026	2	2	1	2	1			1	1	2	2	1	3	1		2			3	1
OTU7038	47	14	32	1	24	22	70	38	49	44	22	70	29	20	31	30	83	21	44	46
OTU7040		2	1						1	1	2	2		2		2	3		1	3
OTU7041		3	1			1		1		3		1	2		3	1	6	1	6	6
OTU7050	1		3	1		1	2			1	3	1				1	1		2	2
OTU7075	68	5		3	22	2			63	5			5		1		15			
OTU7083	70	97	73	14	62	98	40	71	28	49	52	37	62	84	66	64	57	114	121	122
OTU7087	16	7	5	2	1	2	3	4	7	7	11	3	8	9	10	5	3	6	10	4
OTU7091	1	1				5	1		1	1	3	1	2	3	3	3	2	1	3	4
OTU7092	11	19	13	1	5	6	1	9	6	7	5	4	9	10	11	13	8	8	20	15
OTU7109	170		7	2	3		7	2	3	87	4	33	3		1	87	2	7	1	1
OTU7115	1		2	1	1	1			3	1		1	2	1	2	1	2	1	5	1
OTU7116	8	3	3		1	1	14			23	1	3	1		33		26	4		
OTU7139	2	84	33	92		80	180	152			108			280				154		92
OTU7173	7	5	5	1	5	3	2	1	2	1	3	1	4	7	3		2	5	7	8
OTU7179	1	1			1				3		1		1	3	1	2			2	2
OTU718	2	4	1		2	1	1	1	2	2	2	2	3	1	3	1	3	4	1	4
OTU7248	3	4	3	1	3	4	1	2	3	1		5	2	2	1	1	5	6	7	4
OTU7249	14	3	9		8	6	4	2	7	7	3	3	11	4	10	14	10		9	19
OTU7254	3	5	1		1	1	1		3	1	3	2		4	3		1	3	8	5
OTU7255	2				1		1	4		3	2		2	1		4		6	4	2
OTU7260		12		1	1	2	1		3	1		12					25	1		1
OTU7276		1160		1	339		62	21	1799	523		84			26				10	43
OTU7285		1			1	2	1		1			1	2	1		3	2	4	2	3
OTU7295	1					1	1		1		1			1	2	1	1	4	4	5
OTU73	1			1		3	1	1	3	2		1	1	1		2	3	1	2	4
OTU7302	2	1	1		1	2				1	3	1	2	1	1	2	1	2	1	3
OTU7303	4	3	1		4	1	2	1	1		1	1	2	1	2		3		6	2
OTU7304	6	1	2			1	1		2	2		3	1		3	3		1	2	2
OTU7343		3	1		1	1	1	1	2		1	1	2	1		1	2		2	1
OTU7353	4	6	1		1	2	2	2	1	1	1		3	2	2	3	3	4	2	4
OTU7359	1	2	1	1			2				1		1	1	1		1	1		1
OTU7375		3	3			2	1				1		1	3	1	4	2	1	2	
OTU7390	2			13	54	1	11	31		15	14	36	21	26	144		96	68	70	1
OTU7392	1	10	1	3	2		1		1	10	1	7					5	2	2	2
OTU7393	2		1		2					2		1	2	3	1		1	5	3	4
OTU7394	5	3	4		6	4	1	2	2	4	1	2	1	3	2	4	3	1	11	2
OTU7395		3	1		2			1			1		1	1	2		4		1	2
OTU7422	5	2	2		3	3	3		3	1	3	6	1		3	3	3		2	3
OTU7423	3	3	4	2	4	1	1	2	2	5	2	3	3	4	9	4	1	4	2	5
OTU7424	20	10	11	1	13	8	3	8	9	21	8	4	15	8	4	11	18	13	9	12
OTU743	2	1	1		3	1	1	2		3			2			1	1	2	5	2
OTU7440	107	99	88	5	73	98	64	53	66	49	61	37	77	74	101	63	73	69	103	131
OTU7443	4		3		2	2		1		1				1	1	1	2	1		1
OTU7449	3	3	4		4	4		2	3	9	1	1	2	8	4	5	5	5	5	6
OTU7452	3	6	4	1	6	4	5		4	1	2	1	5	7	5	4		2	5	4
OTU7471	38	26	19		25	26	15	14	17	14	12	7	12	18	18	14	10	13	33	29
OTU7485	2	1			3	1	2		2	1		2			2	5		1	4	1
OTU7503	4	5	2		5	2	1	1	1	1	5	3	1	2	1	4	3		2	2
OTU7505		2	1		2		2	1		1	2	2	1		2		2	2	1	4
OTU7510	1	2	1				1		1		1		1			1	2			1
OTU7513	1	2	1			1		1					1		1			1	5	2
OTU7515	2				1		1		3	2		2	1	1	1		3		6	1
OTU7527	58	43	40	1	43	58	21	17	29	36	19	17	29	46	29	34	49	25	63	54
OTU7544	3	1	2	2	2	1	3	7	6	3	3	4	3		3	1	1	5	1	2
OTU7549	15	27	14	1	11	19	12	21	12	22	17	8	24	20	13	10	23	11	20	26
OTU7552	1				2				1	1					2	1	1	1	2	2
OTU7557	1	1			1					1			2	2		1		2	5	4
OTU7560	1	4	1		2	2				1	1		4	2	1	1	1		6	
OTU7566		2	1	1	1	3		1	1			2			3		4	1	8	2
OTU7577	1	2	5		1	1	1	1		1				1	4	2	2			3
OTU7578	1	3		47	11	3				3	3	12	2	2	1			5	2	1
OTU7611		1			1	1		4	1	3	3	4	1	1	2		1		5	2
OTU7616	8	13			2		1	1		26	3	5	37		8	2	1			1
OTU7644	28	33	20	3	19	19	20	18	22	21	23	17	26	27	27	25	25	28	37	42
OTU7660	1	2	1			1			1	1	1	2	2		2		1		3	2
OTU7663	3	5	1		2	2			1	2		1	2	2	3	5	5	1	1	11
OTU7688		3	1			2	1			1		2		2		1	2	2		1
OTU7689	1	2			2	2	1		2	1			1	2	1	1	1	2	4	2
OTU7691	331	231	172	172	711	356	833	766	856	496	238	324	108	206	441	383	514	246	198	175
OTU7693	2			1		1		2		1				2	1		2	1		2
OTU7695	2	2		1						1				1	1	1	1	1		3
OTU7698	2				1			4		1	1	1			1	1	4	2	5	2
OTU7699		1			1		2	5	1	2		1	1			1	5	1	11	
OTU7707	1	1					1		1				1	1	1		1	3	1	2
OTU7716	1	10	1		4	6	1	1	2			3	1	4	1	1	4	3	2	4
OTU7718	1	1	1		2	1	2	1	1	1	1	1	2	1		1		1	1	4
OTU7736	4	7	1		7	3	1	2	2	2	1				2	3	4	4	1	5
OTU7741	2	1	1		1				5	1		3	3		1		1		2	1
OTU7744	120	100	99	9	94	127	72	73	55	73	85	39	90	124	142	81	59	66	123	174
OTU7761	114	341	94	167	125	112	395	404	75	163	276	91	56	463	212	87	243	145	191	128
OTU7764	1	3	3		2			2		2	2	2	1	2	3		4	1	3	2
OTU7765	6	4	11		1	2	1	5	3	4	1	1	2	8	13	3	6	1	8	11
OTU7767	5		2		2	2		3	1		5	1	5	1	2	2	1	1	3	2
OTU778	4		2		2	2			9	4		18			1	1	2	1	4	
OTU7782	16	11	4		6	4	2	2	1	8	3	3	7	4	10	6	9	7	13	4
OTU7800	4	3			1	2			1	1	2	1	2	1	3	2	1	2	3	1
OTU7813	1		1		2	3			2	1		2	3	1	1					2
OTU7825	8	5	4	1	1	6	3	7	7	7	5	9	3	8	6	9	5	6	12	6
OTU7831	2	9	3		7	2	3	2	6	2	3	2	3	5	3	1	8	8	9	8
OTU7836	15	19	13	64	6	1	29	16		6	7	116	5	20	1	1	8	38		46
OTU7853	4	3	1		3		2		2	1		2	2	2	3	1		2	3	2
OTU7854	1	1	1		2	1		1	2	1	2	2	2	2	1	2	1	1	2	1
OTU7880	1	1		1	2		2	1		1				4			1	1	1	2
OTU7881	1	6			2	1	2	3		2	2	2	1	8	2	3	1	5	2	4
OTU7883	3	2	1						2	1	2	2		3	3	5				1
OTU7887	1		1			3		2	2	1		1	1	2	1			2	2	4
OTU7907	16	14	7	1	11	30	6	11	15	19	7	10	20	9	12	21	21	6	26	30
OTU7908	3	1	1		2	1	2		4	1	1	2	4	4	2	1	2	2		
OTU791	12	17	5		7	5	6	8	15	10	5	7	10	7	10	18	13	10	12	6
OTU7947				2		1		1		2	1	2	2	2	3	1		2		3
OTU795					1	1		1	4	1	1	1		2		2	2	1	2	1
OTU7976	39	58	33	4	39	78	23	24	21	17	30	33	36	45	22	45	44	31	59	58
OTU7994	2		1		1			1	3	2	1	1	1		2	1			2	
OTU7997	7	8	7		8	5	1	2	2	5	4	5	5	3	6	2	6	5	15	7
OTU8005	5	3	2		1		2			4	2	2		2	4	1	3	1	4	2
OTU8026	6	63	15	50	6	36	100	153	3	7	49		14	100	42	47	58	80	5	66
OTU8051		1	2		1		1		1	1				1	4		1		7	
OTU8053	5	4	5		3	9	7	2	3	7	2	2	12	5	4	4	3	1	10	9
OTU8055	12	16	6	1	8	9	5	4	12	6	6	9	5	8	6	9	7	9	14	18
OTU8074	1	5			4	6	3	2		1	2	1	3	3	1	4	2	1	3	6
OTU8080			2		3	63					1	1		3	1		4	4	2	
OTU8114	1	1	1				1	1	1		1		1		2	1				
OTU8120	2	1	1		2			1		2		1	1		1	1	1		2	
OTU8122	1	2	1		2	2		1	4	1	2				2	2			1	1
OTU8126	3		1		1			1			1				2	1		4	1	1
OTU8147	4		2		5	2	3	3	2	3	2	1	3	5	2	3	1	4	5	3
OTU8159	1	2	2		3	1	1	2	1	2	2	1	2	1	2		1	1	5	1
OTU8174	2	1	1		1	3	1	2	1	5			3	2	2	7	4	4	3	6
OTU8180	21	5	64	504	30	14	4	8		26	7	32	9	8	2	10	13	16	2	4
OTU8182		4	1		3	2					1	2		3	1	1	1		1	
OTU8186	5	2	5		2	5		3	3	4	5	2	1	5	4	5	5	3	4	4
OTU8192	1	1		1					1			1	1	3				2	1	1
OTU8195	20	26	16	2	10	13	6	6	8	13	10	12	18	17	12	15	12	11	26	32
OTU8197	2		10	4	1	1	3	1	2	3	2	18	2	5	1	2	1	1	3	
OTU8199	10	9	5		11	9	4	5	2	3	1	6	4	8	5	8	5	4	11	5
OTU8218	8	2	1		3	3	3		4	4		4	7			7	4	3	9	3
OTU822		2	1		1				3	1			3	2		1			1	3
OTU8225		2			2	2			1		1	2		1			2		1	1
OTU8226	2	1			3	1			1	1				2		1		1	2	2
OTU8235	5	11	26	2	12	4	2	3	2	9	5	6	8	7	6	8	6	11	15	18
OTU8239	114	90	20	45	225	13	15	7	195	776	36	3	69	24	41	169	160	21	205	63
OTU8273	1	2	1		1	2		2		2					1	2	1		2	1
OTU8275	19	18	20	8	26	21	8	15	8	20	13	8	25	22	14	18	30	36	25	41
OTU8288	3	5	2		3	6		2	2	6	1	2	5	1	3	1	2		1	7
OTU8289		2	4		1	268	22	3	2	5	3	5	1	1	2	1	6	14	10	4
OTU8318	5	9	3	1	6	8	5	4	3		3	1	3	8	4	5	10	8	7	6
OTU8326	8	3	4		4	1	3	2	10	5	4	4	9	4	1	5	6	7	5	3
OTU8342	5	3	2		1	2	2	2	1	1	2	3	2	3	2		3	7	8	6
OTU8360	4	2	1		1	2	5	3		1	4		4	3		1	2	2	3	1
OTU8370	15	4	9		5	12	4	4	5	8	6	4	7	3	11	4	4	1	10	9
OTU8376	1	2	3		1	1	1		1	1	1					1		1		5
OTU8378			1			1	2		2	1	2	6		1	2				1	2
OTU8379	5	1	5		4		1	1	4	2	1	4	2	1	8	3	2	2	7	2
OTU8391	17	4	60	18	8	20	55	23	68	42	13	277	36	76	18	4	41	30	22	15
OTU8402	1	2	2	1	1				1				1	4		2		3	1	2
OTU8403		1	1		1	2	3		2		3	2	2	1	3	2			3	2
OTU8405	2	2	6		2	2						2	1	1	3	3	2	2	2	4
OTU8418	98	15	27	7	46	13	47	34	168	145	30	202	26	28	88	47	94	46	60	25
OTU8431		2	4			2	2		1	3		1	2	3	2	1		2	1	
OTU8434	7	5	1		7	8	1	1	4	8	4	4	3	10	11	9	2	9	7	12
OTU8440	3	1		1	1	1	1	1			2	1	1	1		2		1	2	2
OTU8444	2	2				1		1			3		2		1			2	2	2
OTU8446	16	16	10	2	15	11	13	11	11	19	13	10	9	6	16	10	13	9	23	23
OTU8447	5	7	4		4	1	1	2					2	1		1	1	1	1	3
OTU8453		1	1		1	2		1	1		2			1		2		1	4	2
OTU8467		2	2			2		1	1	1			3	3	4	2		2	1	
OTU8476	10		2		2	1	4	3	20	8	1	33	2	2	13	4	11		7	
OTU8478	1	1	2		1	1	2	2	1	2	2	2		1	3	1	3	1	1	
OTU8490	15	5	7	1	5	2	3		4	8	5	5	7	5	9	9	5	10	11	7
OTU8510	2	3	8		3	1	2	2		6	1	1	2	3	5	4	6		4	7
OTU8527		1			3	3		2		1		1	1	2	1		1			1
OTU8528	3	2	5		1	2	1	1	1	2	2		1	2	3	1			2	
OTU8531	6	3	2		3	3	3	1		3	3	1	4	2	1	5	4	4	4	12
OTU8532	4	7	2		1	3	2	1		3	1	2		4	5	1		1	4	2
OTU8536	5	6	7		3	4	1		1	1	4		1	3	1	1	2	6	4	1
OTU8538	2	1	1		1	3	2	1	3	4	3	1	3			1	2	1		2
OTU8554	4		2		3		1	4	7	2		5		4	3	1	9	8	1	
OTU8557	1	5	3	1	13	6		7	8	20	2	7	1		11	8	64		27	1
OTU8569	390	640	357	8	217	7	259	63	407	335	748	433	286	129	314	334	171	109	341	913
OTU8578	1		1				1	1	1	1	1	1	1							1
OTU8583	465	31	73	6	92	58	101	74	457	379	93	446	139	13	508	106	584	34	191	68
OTU8594	1	1	1		2			1			1	1	1	1	1	1	1		1	1
OTU8603	5	13	4	550	1	8	8	1	1	6	5	4	5	7	4	1	3	4	2	9
OTU8610	3	3	1	1		1	1		1	1	2	1	4	3	2	2	1			4
OTU8624	1	1	1			3				1			2		1	1			1	1
OTU8625		1			1	2	1		1		1				1		2		1	1
OTU8631	1	2	1			1	1		1				1		2			1	4	
OTU8635	1	3	1		2	2	1	1		1		1	1	4			1	4	1	2
OTU8641	1	1	1			1	1		1	1		3	1	1		1	1	1	1	2
OTU8643	1	2	1		3	3	1		3	1	2	4	2	4	5		4	2	9	3
OTU8646	1	5	2		2		3	4	1	3	1	1	4	2	1	1	2	4	3	5
OTU8649	6	1	6		1	4		4	2	4	1	1	6	7	4	3	1	4	7	8
OTU8654	2	5			1			1			1	2	4		2		2		1	4
OTU8657	83	60	57	10	51	41	26	30	20	49	30	25	54	49	48	55	66	53	75	92
OTU8658	7	17	11	3	9	12	9	11	8	5	7	8	14	10	12	10	8	17	22	23
OTU8678	34	46	21	6	37	38	22	18	22	20	23	29	36	34	22	38	31	43	50	53
OTU8686		4			2	1			3		1			1	1		1	1	3	
OTU8689	3	3	4		3	1	1		3	1	3	3	5	5	2	1	4	3	5	2
OTU8695	8	16	6		5	11	1	4	18	2	3	16	11	5	14	4	9		9	4
OTU8699		1	1		1	1		1	1	2		1			1	3	2		2	7
OTU8700	18	17	12	1	19	12	13	11	10	16	15	10	13	15	18	20	18	7	34	20
OTU8711	1	1	2		2	1	2	1	2	2	1			2	4		2	3	5	5
OTU8727	2				2	1	3	1	3	2						1		5	1	3
OTU8732		2	1			2	1			2		1	1				3		4	3
OTU8733		2			1	3				2	1		1	1	1			1	1	2
OTU8741	9	3	3	1	1	3							2	2	4	2	1			
OTU8742	7	7		1	6	9	4	4	3	3	5		3	5	3	6	4	2	8	7
OTU8750	3	2	6		5		3	4	5	3	17	15	4	1	3	3			1	3
OTU8751	22	8	9	1	12	8	4	4	8	13	10	3	15	6	9	15	20	1	15	8
OTU8755		1	1	1				1		1		1			1	2	1	1	2	
OTU8757	4	9	2	1	5	8	1	4		4			4	6	2	2	6	1	5	7
OTU8777	3	1	1		1	1	2			1	1	1	2	3	1			2	3	1
OTU8784	9	2		1	3		4	3	4	13	4	4	3	3	7	4	5	5	5	1
OTU8804	25	16	27	3	21	19	10	15	17	16	15	11	16	21	28	30	21	26	34	51
OTU8808		2	1		2		1	1		1			2	1	1		2		2	3
OTU8822	4	8	4		12	2	1	8		1	1	3	3	6	2	4	3	4	2	6
OTU8824		3	2							1	1	1	1	2		1	1	1	2	
OTU8828	2	4	1		2	1		4	1	1	1		3	3	3	2	7	4	5	4
OTU8829		1				6	1	4		1		1		1		1		2	2	1
OTU8844	2	1	1		1					1	1		2	2	1				1	3
OTU8862	11	1	4		5	1	2	3	2	2	5	1	2	9	2	1	2	5	5	7
OTU8876	121	148	108	12	92	79	79	70	48	84	69	38	85	112	113	101	102	183	128	206
OTU8880	3	4	4		3	2	1	1	2		3		1	4	2	1	2	5	1	1
OTU8881	2	2	2		2	1	1	2	4		2	2	2		1	2	4	1	8	2
OTU8907	11	3	6		8	7	2	2	5	10	7	5	3	5	8	6	7	3	11	13
OTU8919		2			2			1	1	5	1	3	4	2	2	2	2	1	3	1
OTU8925	2	2	2		3			2		2				1	1			1		1
OTU896	7	6	4	1	3	5	3	4		5	1	4	1	4	5		4	7	4	7
OTU8961	2	4	6	1	1	2	2	1	1	4			1		2		3	1	1	
OTU8976	14	4	11	2	5	15	6	7	3	9	6	9	11	7	19	6	6	7	12	15
OTU8991	1	1			2	2			1	2	1	1					1	4		1
OTU8995	2			1	1					4		4	1	2	1	1	1		1	
OTU925	2	9	1		1	1	2		3	2			2	3	4	2	3	2	6	3
OTU930	4	2		1	2			2		1		1		1	2	2			2	2
OTU964	1	1	1		2	2		2					1	2	2	4		2	2	2
OTU97		1	5				3		1	1	1	1	1	2	1	2	4			6
OTU983	1	10	2	1	2	1	1	1	5			1	2	5	1		5	1	5	3
OTU994	12	17	9	1	9	12	1	6	3	6	7	1	4	5	8	5	2	9	6	10
