OTU1028	4	2	2		5	6	3	7	2	9	8	11	7	2	6	5	6	8	3	5
OTU103	4	4	11	2	8	3	8	13	6	2	15	7	5	13	14	11	3	5	9	7
OTU1030		2	3		1				2	3	4	1	6	3	2		2		3	2
OTU1036	5	4	1		4	2	5	3	7	6	4	2	3	4	9	3	3	8	2	1
OTU107	3				3	1	1	1	1	2	2		1	2		1	1	2	1	2
OTU1080	43	31	47	55	74	29	60	54	50	99	88	31	43	53	66	65	46	98	70	57
OTU1099			3			1	4	7	4	9	6			1	7	4	3	7	1	2
OTU110	195	166	95	222	152	60	148	93	123	25	60	130	51	250	122	192	208	145	135	79
OTU1108	601	360	400	517	184	36	252	279	281	20	127	4	53	306	273	216	642	196	367	127
OTU1109		1			2				2	2	1	2	2		2			1		1
OTU1119	6	1	9		6	4	3	6	5	8	19	13	4	10	5	5	7	1	7	16
OTU1120	4		2				2	3	4	3	1		4	1	2		2	6	1	2
OTU1133		1					1				4	2	3	1		1	3	1		3
OTU1136	1							1		2	1		1	2	1	1	1		1	3
OTU1189	11	5	8	4	3	1	8	13	6	15	27	12	9	4	18	6	9	8	12	11
OTU12	1		1		1		2	1			1		1	2	1	1	1	3	1	
OTU1208	2				1			3	1	2				1	1	3	1			1
OTU1225	3	7	2		11	1	1	5	2	6	8		1	3	4	1	3	3	2	7
OTU1276		1			1		2			2	1		2		1		1	1	1	
OTU1280	5		5		3		5	7	7	9	17	5	6	7	8	4	4	4	3	3
OTU1282	1		1		8		1	2	3	4	5	3	3	2	5	2		1	1	1
OTU1285	3	7					4	2	2	3	1	1	1	2	11	1	1	2	4	4
OTU1287	5	2		1		7	3	7	3	3	6	5	7	1	3	2			5	7
OTU1296	2				1	3		1		2	3		1	1	3	2		3	1	1
OTU1300	1				2	1		4	1	4	1		2	2	4	1		6	2	1
OTU1301		5	2	2	8	3	4	2	3	7	10	1	1	8	3	6	1	4	3	3
OTU1305	9	2	16	15	20	2	8	3	12	10	6	8		35	7	44	4	5	16	9
OTU1306						1	1	1	1	1	1	1	1	1	1					2
OTU1314	6		1		3	1		5	3	8	1	3	1	3	3	1	2	1		4
OTU1316	3					1	1	1			4		2		1		1	1		1
OTU1319	4	2	4		8	2	3	6	4	3	7	8		2	6	3	4	4	1	4
OTU1321	11	6	9	14	23	6	16	21	15	29	25	14	28	17	21	17	8	20	9	11
OTU1345	23	41	65	73	29	33	18	34	33	6	5	4	7	47	34	43	78	21	65	24
OTU1365	1	7			2	1	1	3	5	6	4	8	9	7	5	2	3	5	2	1
OTU1372	6	1		2	5	1	11	3	4	5	5	2	2	2	9	1		5	4	1
OTU1380			1				4	1	1	2	2		1	1	3	2	1	1	1	1
OTU1382	9	1	6	2	8	2	4	6	5		4	6	1	1	5	3	3	3	7	3
OTU1385	1	1			1	2	1	1		4		1	2	1	3		1		1	
OTU1388					2	1		1		2	4	2	1		1	1	1	1	2	3
OTU1392	1	1			1		2			1		1				1		1	2	1
OTU1393	3	1	1					1		1	4	4	3		3		1	1	2	
OTU1402	23	14	13	17	38	11	22	20	18	43	18	20	39	24	33	24	17	22	17	15
OTU1425	22	9	4	1	21	4	18	37	21	88	41	9	36	31	40	22	26	4	19	30
OTU1430			1				3	2		2	2	1				1	3	1	1	
OTU1452	23	16	10	5	10	4	23	28	23	42	43	14	20	23	33	22	16	17	17	29
OTU1457	1	6	12	4	10	7	2	3	4	4	6	15	6	5		3	1	2	12	
OTU1463	5		1		2		1	5	1	4	4		2		2		2	1		2
OTU1464			1	2	10	3	1	9	4	15	7	2	1	10	6	4	4		4	6
OTU1465	1				1		5	5		3	6	1	7	3	5	2			1	6
OTU1479			2			1		2		2	2	1		1	4	1		1	1	2
OTU1480	3	3	7		3	3	4	6	6	3	4	2	2	1	6	1	1	3	3	1
OTU1504	1	2	2		2	2	2	3	4	6	8	3	2		4	1	1	4	2	4
OTU1507					5	1		1	2		2		1	2		1	1	2	1	1
OTU1508	6	8	7	5	21	2	9	7	2	19	12	26	12	15	19	10	2	12	8	8
OTU1509	1	1	2				4	3		2	4			1	1		4	1	3	
OTU1513	1		1	1	5	1	6	4	5	5	3	2	1	6	5	6	4	6	4	2
OTU1525	4		3				2	3	5	6	4	1	5		7		2	4	2	3
OTU1540	3	3	3	2	11		7	8	6	6	11		5	12	8	5	9	6	8	7
OTU1546	4	1	2	4	7		4	7	5	4	6	3	1	5	12	3	1	3	3	1
OTU1548	1	2	2		3		3	1		2	4	2		1	1	2			1	
OTU1554	1	1	2	1	3		2	5	4	1	4	2	1		3	1	4	2	3	1
OTU1557	7		5	4	13	1	4	8	6	10	8	3	9	7	15	10	7	7	8	4
OTU1577	1		1		3	1	2		2	3	7	2		3	5	1		1	1	2
OTU1605	93	32	72	32	81	39	82	85	85	99	126	135	109	98	130	77	54	131	80	66
OTU1621	14		5		16	2	5	12	4	24	19	21	14	7	10	6	4	14	7	6
OTU1636	7		2	5		1	1	2	3	1	1	1	5	1	2			2	1	
OTU1642		1	2		6		2	1		6	1			2	3	1				4
OTU1661	2	2	1	1	6	1	3	1	2	5	3	1		3	6		1	1		2
OTU1663	1				1	1		1	1	1	1	1			2				1	
OTU1665	3	1	2	2	2	1	3	1	3	3	3	1		2	3		1			
OTU1667	1	2	1			3	1	1	2	4	5		2	1	1	2		2	2	5
OTU1675	4	4	10	2	8	2	5	6	5	16	15	4	5	8	19	7	7	10	5	6
OTU1677	23	13	22	8	45	5	32	39	26	36	58	11	17	24	55	23	19	40	23	35
OTU1680			1		1	1		2			1		3	2	2	1	1	1	1	
OTU1683	3				2	1		2			1	1	5	3	1	1	1			1
OTU1685	4	1				1	5	5	2	3	4	6	3	5	4	1	2		1	4
OTU1686	1	1	2	1	4	3	1	6	3	1	4	5	2	7	4	1	2	3	3	
OTU1687	2	2			10		2	3	1		1	1	5	3	2	2	1		3	2
OTU1693	4	1		1	7		2	1	4	7	5	1	5	5	7	2	2	2	4	5
OTU1694	7	6	13	13	7	3	16	8	16	15	22	6	12	11	23	13	9	16	11	15
OTU1700	1						3	4	3	1	3			1	2		2	2	2	
OTU1704	2	2	9	1	9	3	4	9	9	15	9	3	5	8	11	6	1	10	4	6
OTU1707	2		3		6		1	2	5	1	4	5	1	2	4			4	2	1
OTU1717			3			1	3	2	1	4	2		2		3	2			1	1
OTU1718	1					1		2		6	2	4		2	7	1	2		2	2
OTU1722				1		1		1		1	2	1	2	2				1		1
OTU1723	1		1	1	2		3	1	3		3	1	1	3	1		2			
OTU1727	3	1						1		2	1		1		1		1		2	2
OTU1756	3	2	1		5		3	3	7	7	6	2	2	1	5	1	3	4	1	4
OTU1760	4	1	7		3		4	2	5	2	8		4	6	8	4		2	1	1
OTU1781	1				3		2	1		2	3		1	2		2			2	3
OTU179	2	1	2		3		2	2	2	2			4		3		1		1	2
OTU1810	2				2		3	2		3	2		1		2		2	2		
OTU1874	23	7	15	5	20	6	16	25	16	36	42	23	38	24	43	18	14	31	16	23
OTU1889	3	2	1		7			3	1	3	6	4	6	1	1	3		6	1	1
OTU1898	5	1	7	3	5	1	6	6	6	21	19	5	9	9	13	8	5	9	5	2
OTU1917	1		1						1	2	1	1	3	2	3	1	3	1	3	1
OTU1920		3	4	4	11	2	3	4	3	6	15	6	10	4	8	2	4	9	2	8
OTU1925					3		1	2		2	4	6	3	1	1	1	2	1		2
OTU1936	29	18	37	3	70	10	34	38	37	43	128	42	34	42	78	33	27	36	33	42
OTU1938		1	1			1	3	4	2	3	2	4	2	2	1	3	3		2	2
OTU1945	14	11	12	2	19	2	9	7	14	13	17	17	7	17	31	8	6	32	16	12
OTU1954	5	1	3	2	8	5	6	11	10	25	8	6	16	8	12	7	9	3	10	8
OTU1967	2		2		2		4	1	1	1	7			5	6	3	2	3	1	
OTU1999	8	14	10	16	15	4	10	5	1	2	7	1	4	1	10	1	4	5	2	4
OTU2033	1	2		1	5			2	1	1	4	3	1	1	2	1		1		3
OTU2036	3	4		1				2	2	5	5	2	3	2	1	1	2	1	5	
OTU2064	2	2	1		3	4	3	3	3	4	9		3	2	4	2	1	1	1	6
OTU2086	87	43	93	22	97	11	79	100	101	173	181	41	65	86	148	53	69	117	57	81
OTU2141	2	3	1			1	1			2	1			1	6	1	2	1		1
OTU2174	1		1			1		1		3	2			1	1	2	1	3	1	
OTU2175			1					1	1		3		1	2	1	2	1	1	1	1
OTU2179	141	169	102	213	210	61	117	59	107	27	41	88	52	122	98	118	131	178	96	79
OTU2180				2	2		1		1	2	2	1	3		3			1	2	
OTU2185	1	4	4	1	6	3	4	4		6	3	6	7	1	2	3	1	3	1	2
OTU2198	63	38	38	41	36	22	12	16	17	3	5	19	14	60	20	33	39	24	33	9
OTU2211	9		10	3	10		13	5	9	6	8		2	19	17	19	11	19	18	6
OTU2224	2	2	6		6	3	8	4	8	15	14	10	7	7	18	3	9	12	8	9
OTU2230	1			1	4		4	1		1	3			2	1	2	2		2	1
OTU2235	1		2					2	2	3	2	2	2	4	1	1	2	1	1	
OTU2252			3				1	6	3	1	5	2	3	5	2	3		2	2	1
OTU2254		1	1		3		2			1	1			1	1	1		1		
OTU2262	1		1		3	1		1		1	1			1	2	2	6		1	
OTU2273	1	2	1		1		3	2	1	2	2	2	7	2		1	1			1
OTU2274	39	24	13	21	14	9	12	17	13	10	2	25	10	27	17	16	15	17	17	8
OTU2276	2	2				1	2	2	1	3	1	1	1	3	8	1			1	2
OTU2277	2		2	2	6		2	1	2	3	6	1	8	1	3	5		1	2	2
OTU2278			1		9	1	1		1	3	2	6	1	4	5	2	2	1		2
OTU2279					5			1		2		1	1	1	1	1	3	2	4	
OTU2283	36	12	20	6	61	9	20	24	31	45	33	46	33	30	41	23	31	35	30	15
OTU2284	1	2	1				3				1	1		1	1	1		1	1	
OTU2285	2	1	2		1	2	1	3		4	4		3	1	1	2		2	2	1
OTU2293	3		2		1	1		3			4		4	1	3	1	2	1	2	2
OTU2294	1	2			1		4		1			1	3	3		1	2			
OTU2296	6	4	4	5	2	2	6	3	8	8	6	4	5	7	7	8	7	4	8	13
OTU2297	3		1		2	2	6	8	3	6	5	4	3	5	6	3	3	1	6	3
OTU2315	1		2		3	1	1	6	1	8	3	3	3	5	5	1	1		1	1
OTU2316	3	2	4	2	7		2		1	6	2	2	2	8	1	2	2	3		2
OTU2340	63	44	99	34	123	30	89	82	108	194	196	81	107	105	162	96	83	142	67	123
OTU2351	2	1	3		2	1	2	1	1	2	9	1	2	2	6	4	2	4	3	5
OTU2392	1		2		5		1	1	5		2	2			3					1
OTU2395			1		5		1				4		2	1	1			1	1	2
OTU2396	4	4	7	3	8	5	5	11	7	19	13	3	5	10	10	11	6	12	9	9
OTU2401			1		5			2	2		2	3	1		1	1		1	1	
OTU2402		2	1	1			2	2		1	2	1	3	2	2		3	1		
OTU2404		1				2	1	2		1	1		2	2	2				1	
OTU2405	20	13	12	16	45	11	37	30	33	43	45	36	34	30	45	37	26	31	35	29
OTU2412			1		1			1		2			1	1	2			1	2	1
OTU2414	9		2	1	13	5	1	10	4	25	8	4	8	9	11	2	4	3	5	6
OTU2416	2	4	4	1	9		3	6	3	6	7	7	7	3	3	5	5	4	4	2
OTU2418			3	1		2	4	4	2	7				3	2	2		4	1	1
OTU242	2	6	1	2	6	2	1	4	3	1	6	4	4	5	5	2	2	1	7	1
OTU2420	2	1	3		2	1		5	4	1	3	6		4		3		3	3	1
OTU2421	2		6	2	5		4	4	3	9	9		3	3	6	3	3	5	2	
OTU2422	2		1		2				2	2	2		1	3	3	2	1	2	1	2
OTU2427	5	4	4		7	1	5	3	3	14	17	8	4	5	7	5	7	4	6	1
OTU2428	2		1			1	3	11	1	7	6	2			4	5	6	4	4	1
OTU2430			1		1		1	1	2	2	3	1		2	2		3	1	2	
OTU2437	2				2		2			1		3	2	2	3	1	1	4	2	2
OTU244	23	41	4	83	91	30	5	3	9	8	16	10	45	24	13	13	5	9	1	5
OTU2442	10	9	3		9	4	9	9	8	8	25	11	7	6	8	3	3	10	6	7
OTU2446		1	2		2	1	2	7	5	4	4	2	2	4	4		4	4	3	8
OTU2453		1					1		3	2	1		1		2	1		3	1	
OTU2461	1	1	1	3	11	3	3	1	2		1	2		1	1	5	1	1		
OTU2470	1	1	2	1	6			1	1	1	3	1		3	2	1	3	2	2	1
OTU2477	1	1	2		2	1	3	6	2	8	3	2	4	4	10	6	1	3	1	8
OTU2481	1						1	3	2	1	1	1		2		2	1			
OTU2487	2		1		2		1	1	4	1	2	3		2	1		1	1	1	2
OTU250	3	1	5	1	6	1	3	7	4	5	10	1	4	3	14	5	2	9	2	6
OTU2502			1	2			2	6		2	3	1	2	3	1	1	1	2		
OTU2506	20	5	10	2	20	4	15	19	15	22	29	17	11	24	28	19	16	18	18	19
OTU2536	7	3	6	2	14	4	18	4	11	15	14	13	19	18	14	7	9	18	11	10
OTU2537	11		1	1	10	3	4	10	6	12	15	7	11	12	13	8	5	5	8	3
OTU2538	2		4			3	5	2	3	5	10	1	3	1	6	3	3	5		
OTU2541	3	1	3		5		1		1	4	3	6	1		4	1	4	2	2	4
OTU2549	3		1				1	1	2	1		1	1	1	1		2	1	2	
OTU2550					3	1	1	5	2	4	4	1	3	5	4	2	4	1	1	3
OTU2561	7	1	3		8	1	3	5	7	11	6	3	5	3	8	2		4	4	4
OTU2575	6		3		1	1	3	3	3	5	3	1	1		2	1		1	2	
OTU2578	1		1	1	2		2	2		2	1			1	1		1		1	2
OTU2580	2				4	2	5	5	1	6	7	1	10	6	2	1	7	5	3	2
OTU2581	10	3	6	1	7	3	4	5	3	15	19	11	9	8	19	7	5	5	3	9
OTU2583	1				1		1	2		1		2		1	1		2			1
OTU2589	4	4	4				2	4	4	6	7	1	2	3	8	4	2	2	1	1
OTU2598	5	2	3	2	8	4	10	13	4	14	11	7	9	13	8	10	6	4	5	8
OTU2601	3		1	2	4		2	4		5	3	5	5	2	8	2		4	2	3
OTU2607			1				1	2	1	3	4	1	1		1		1	4	6	2
OTU2608	5		1			1	1	3		1	3	2	8	1	5		6		4	2
OTU2616	1		3		1	1	3	3	2	3	4	1		1	7	1	3	3		
OTU2617						1			1	3	1	2	2			1	1	1	1	
OTU2620	1		1	2	2		2	2	1		1	2		3	3	1	1	1		1
OTU2621	2	2	2		5		1		2	2	1					3	1	1	1	
OTU2623	2		1		2	2	2	4	1	9	5	3	2	4	10	1	3		1	3
OTU2628	3		2				1	1	3		1			3	13	2	1		3	1
OTU2641	1		1				2	1	1	2	1	3			2			1		2
OTU2643	2		1		1		1	4	1	2	3	1	1	2	2	1		1	2	
OTU2686	3		1		1		1		3	2		2	3	1	4			1		2
OTU2707	1							1		1	1	1			1		1	1	2	2
OTU2711	2	1						1	2	1	2		2		1	4			1	
OTU2715	40	12	9	2	35	13	20	37	21	26	76	29	17	13	25	22	20	9	12	22
OTU2719		1						1		1		2	1	1	3	2			1	1
OTU2727	5	12	13	3	22	4	17	8	13	21	25	18	23	12	23	8	8	23	11	14
OTU2753	12	9	13		14	8	4	17	12	20	17	19	15	12	12	3	8	9	5	4
OTU2756	2	1	3				4		1	2	1	6		5		1		1	2	
OTU2758	1	1	1				3		3		2	1		1				1		1
OTU2759	1		5		1	1			1		1			3	1	2	1			3
OTU2761	2	1	1		1	4			3	3	5	1			2	3	2	1	3	1
OTU2764	2		3	3	1		1	2	4	3		1		2	1	3		1		1
OTU2766	5	3			1	1	4	4	2	6	7	1	10	5	9		2	3	2	7
OTU2770	10	9	3		18	5	4	10	5	16	7	7	8	8	11	9	5	1	9	7
OTU2771	2	6	5		5		5	3	5	4	7	1	2	6	4	3	4	2	13	7
OTU2777		1				1	1	4		1	1	1	3		2		2	2	2	3
OTU2778	3	4		3	4	1	6	2	5	7	3	3	3	3	4	3	4	5	2	3
OTU2779	1				1		1	1		1	1	1	2	2	1	1	2		1	1
OTU2784		5	2		4	3	2	5	1	5	1	4	7	5	1	2	1	1	3	1
OTU2788	1	1			5	1	2		1	1			1	1		5	1	3	2	
OTU2806	3	3			5	1	1	3	1	8	1	1	4	6	2	1	4	1	1	5
OTU281	1	1			1		2		2		2	3		1	3	2	3	4		1
OTU2811	2				1	3	3	3		2	6	2	2	3	4	2	1		1	1
OTU2815	5		2	3	6	1		6	8	4	6	2	2	6	11	7	4	9	4	3
OTU2824	3	11	1	2		1	4	6	1	1	3		1		1	3	2	1	4	5
OTU2828	2227	591	261	221	80	4005	170	29	39	657	80	3115	973	296	41	212	111	74	57	19
OTU283	1	3	2				1	1	6	5	1	5	7	2	1		2		1	4
OTU2831			4			2	1	2	3	3	4	3		1	1	1		5	3	1
OTU284	4	2	1	1	5		7	4	5	5	15		1	4	11	7	6	12	3	4
OTU2854	7	2	1		2		1	5	1	3	9	3	3	4	4	1	5		3	4
OTU2866	14	6	11	9	25	3	16	11	14	7	26	3	5	19	34	19	17	19	15	20
OTU2874	9	7	13	2	19	4	9	11	17	26	14	8	16	11	15	9	14	25	12	10
OTU2917	2		1		1	4	2	1		4	6	1	1		3	1	1			4
OTU2923	2	1	5		2	1	1	2	3		2	1	3	3	5	1	3	2	2	5
OTU2935	3	3			20	1	8	9	8	8	8	1	9	6	8	6	6	2	8	7
OTU2936	1	1	1						1	2	1		1	1		2		2	1	
OTU2938	2				1			2	2	4				4	5		2		1	1
OTU2970	1			2	2		1	1		3	1	2	2		1	1	1		1	3
OTU3015	1	1		1	1	4	1	3	4	1		1	1	1	3		5		2	
OTU3030			1	2				1			1	3		1	1		1	1		2
OTU3035	2	1	6			1	4	2	1	2	4	11	6	2	7	1	2	8	1	
OTU3042	3		1				3	2	2	3	1			3	6	2	3	1		2
OTU3051	2	3	5	7	13		8	6	13	8	13	1	8	8	10	8	3	16	7	2
OTU3057		1	2	2						4	1	4	2		2	3				2
OTU3067		1	1		2	2	2	2	1	4	2	10	4	1	2	1	1	2	3	2
OTU3068	1	2			5	1	6	4	1	3	6		9	3		1			1	5
OTU3078	2	2	2				1			2	1				2	1	1	3	2	
OTU3096			3		3		6	2	1	7	2		3	3	4	6	2	3	1	4
OTU3106		34	2	3	10		13	2	3	1	77	7	4	26	2	9	1		9	1
OTU3113	2		2		2		1	3	1	2	2			1	4	1	4	2	3	
OTU3117	1	3	2		3	1	3			2	2	2		5	1	5	1	1	3	1
OTU3142	5	3	7	1	7	5	6	7	10	18	15	9	7	8	20	5	12	10	10	5
OTU3148		3		5	2	1	1	1	3	4	4	8		4	3	2	3	6	1	2
OTU3159		1	2			2		2		3	1	1	3	1	1		1	2		1
OTU3169	6	8	1	1	7	5	8	5	7	8	20	6	11	11	7	14	9	6	10	9
OTU3173			1				2	3	2	3		1	4	5	1	3	2	4	1	
OTU318	10	2	6	6	12	3	15	11	5	13	12	11	11	8	21	8	4	11	2	6
OTU3192	2	1	1	1	5		3		5	5	6	2	2	8	8	6	3	6	2	4
OTU3229			1		1			1	1		5	1		1	1	2				2
OTU3235		2			1		2	1	2	1					2	1	1	2		
OTU3245	10	13	8	7	25	8	16	15	24	30	21	18	17	21	26	21	13	22	10	14
OTU3250	1	4	3	3	2	2	1	5	1		1	2	2		1		2	1	1	4
OTU3259	2	2	2	1	3	2	3	3	2	6	6	1	3	3	7	3	2	6	6	3
OTU3293				1			3			2	4	1		2	2	3		2		3
OTU3311	1		1	1	1		3	2		1	2					1		1		
OTU333			1		2		1	2	2	2	1	1		1		1				
OTU3337	1	1		1			2							3	4	1	1	1	1	
OTU3344			1		3			2		1		1	1	1	2	1	2	1		
OTU3345	4	5	5		13		6	6	9	14	8	4	8	4	11	6	4	6	6	5
OTU3391	4		2		3		1	4			2			2	7		3		1	1
OTU3415			1	1	2		2	1	3		1			1	2		1			
OTU3419	4	1					3	1		1	2			1		2	1	2		
OTU3422	1	1	1		4	1	1	3	2	4	5	1	3	3	6	1	1	3	5	
OTU3439	10	6	11	3	23	2	10	11	15	7	13	6	6	6	15	9	2	10	6	10
OTU3445	1			1	1			1	1	2		1		1			1	1		
OTU3463	1	1	1		2	1	2		1	3		2	1	3	7	2	1	3	1	3
OTU3475			3			1		3	2	4	3				5	1	3	2	1	
OTU3483	9	4	7		3	2	9	7	13	14	15	6	5	6	15	4	5	6	9	8
OTU3499	1	1		1		1		1	2	2	6	4	3	4	7	1	1	2	1	2
OTU3523	28	23	17	12	5	13	9	19	8	2	3	15	5	23	5	6	12	14	10	5
OTU3524	7	6	8	3	15	5	5	8	7	10	19	6	8	3	16	8	6	10	9	8
OTU3531	24	11	5	12	9	2	52	12	21	5	17		4	7	6	3	173	10	16	138
OTU3536	93	45	80	66	137	54	111	110	113	171	205	128	129	108	151	104	84	163	105	103
OTU3552	1		14				17	10	6		7	2		1	3	3		3	5	17
OTU3570	1	1	2				1	8	2	1	1					3	2		2	4
OTU3583	14		4099	3	1677	4009	2284		3496	416	3		1563	16	2182	2094	11	5243	2319	6
OTU3584	3	1				1	1				1			1	1	1		2	2	
OTU3587			2		4	1	3	3	5	5	12	1	9	2	6		3	1	6	3
OTU3593	3279	4895	3703	3794	2272	3955	4301	3526	4498	3970	3423	4606	4615	3545	3150	3812	3260	2687	4299	4532
OTU360	1	3	3		1	2	1	3	6	5	6	4	3		5		2	8	2	2
OTU3638	29	37	44	33	52	5	23	38	25	4	7	2	10	90	43	73	60	25	42	22
OTU3646		3		1	1			1	2	3	1	1		2			4	1		
OTU3648	1	2	3	4	2	2	2	4	1	2	7	1	2	1	3			1	1	4
OTU3656	7	4	10	2	2	4	9	6	3	21	15	14	12	14	14	6	4	20	12	5
OTU3667	2	1	1					2	1	1	2		3	3	2		1	2	1	1
OTU3668	2	2			5		5	6	4	4	1	1	5	5	8	3	6	4	6	5
OTU3671	7		11	2	1	24	2	1	1	13	9	62	11		11	13	12	18	3	
OTU3715			20			12	11		10						1	8	1	14	9	1
OTU373	8	2	9	1	11	1	9	8	7	6	6	3	5	16	19	7	5	10	6	11
OTU3748	3	1	9	1	2	2	6	4	1	6	8	1	3	3	9	1	1	3	6	4
OTU3768	2	30	21	42	25	6	10	2		6	54	16	34	8	15	3			14	1
OTU3774	2	1	2		1	1	2		1	1	1			1	2	1	1	2		2
OTU3780	1		1		6	1	2	5	5	9	3	1	3	3	8	3	3	2		2
OTU3781	8		2	3	3	2	3	7	7	3	9	1	6	3	9	5	8	9		5
OTU3806	93	54	119	21	167	43	106	143	99	243	245	115	155	119	195	107	84	180	109	102
OTU3808			1	1	5		3	2	1		5	2	2	1	3	2		1		
OTU3813	1	1	5		6		2	4	3	5	1	3	11	3		2	6	4		2
OTU3833	10	4	3	7	10		6	6	7	7	8	3	5	7	19	10	5	6	7	6
OTU3841		5	2	4	11	2	1	3	5	3	3	5	3	3	7	4	2	4	6	
OTU3860	10	3	5		5	3	7	7	9	12	13	8	10	5	20	5	13	8	5	9
OTU3883	3	1	11	2				14	1	2	1			1	2	16	10	3	8	5
OTU3890	2				1	1	2	2	4	2	2			2	8		4		3	5
OTU3906	2360	2485	3132	2984	1295	1097	320	2632	538	502	856	228	290	2899	950	2963	3236	2297	1358	2193
OTU3909		1		1	1			1	1	6	2		2	2	1	1			1	1
OTU3935	1				1		1	1	2	1		4	1	1	3			1		1
OTU3953	1	1	2		3	1	1	1	3	5	2	4	8	3	4	2	1	4	3	3
OTU3962	6	2	3		3		3	3	10	4	4	3	4	10	9	5	2	3	5	6
OTU3968	6	6	4		24	2	8	5	11	13	15	7	9	7	13	7	11	6	5	4
OTU3983	5	1	5		7	1	3	4	8	9	7	4	11	1	11	6	3	5	2	5
OTU3984	38	14	34	5	32	12	25	31	27	52	69	30	39	38	85	47	25	42	44	25
OTU3987	14	12	13	9	34	2	11	12	21	19	22	25	20	26	31	11	15	15	11	18
OTU3992	78	34	72	30	141	30	123	130	120	361	258	141	154	127	198	97	115	116	112	123
OTU4001	5	2	2	1	3	3	8	11	5	11	7	3	1	9	5	2	5	2	4	8
OTU4004	1				6				1	3	6		5	2	7		4	2	4	
OTU4023	2	1		3	9	1	1	2	3	2	4	1	2	2	5	1	2	1	2	5
OTU4025		79	3	74	1	6	35		5		10	11	19	12		20		5	1	
OTU4061	3	1	2		5		6	2	3	2	7	1	2	4	1	1	3		1	10
OTU4074	1	2	1	6		15	2	5	1	2		8	1	4		6	1		13	4
OTU408	1		5	2			3	2	4					4	1	5	2	2	7	
OTU4080	6		1	1	8	2	6	2	4	10	4	5	16	7	16	7	4		2	15
OTU4082				1	1	2		1		3		2	1	3	3	1	1		1	3
OTU409	2	1				1	3	1	2	1	2	7	3	3	7	1			1	1
OTU4096	18		4	3	5		2	16			11			2	8	6		2		
OTU4102	5	7		7	6		2	5	2	3	4	10	2		1	1	5	1	3	
OTU4129		3	1		5			3	3	2	2	1	1	7	3	1		1	1	
OTU4132	138	66	126	50	198	61	182	239	227	452	370	210	212	200	354	166	155	199	147	179
OTU4137	1				1		3	1		1	1		1	2	2	1		1	2	1
OTU4147	3	3	5	4	9	4	6	11	11	14	14	2	3	7	15	14	9	6	3	8
OTU4176	4	1	3	2	6	3	6	11	6	10	13	2	8	11	9	9	4	6	5	11
OTU4177	4			1	6	1	3	1	1	9	4	2	3	2	8				4	3
OTU4186	1		1		5			2	2	1	2	2			2		1	1		2
OTU4188	1	1			2		2				1			1		1		2	1	1
OTU419	2		1		2	3		2		4				1			1	1	1	
OTU4211		1	1		4		4	1	2	2	3		1		2	2				1
OTU4214	2	4	2	6	9	3	5	4	4	14	11	5	7	4	10	6	4	10	3	10
OTU4217	2			3				3	1	1		2		3	3	1	1			
OTU4231			1				1	1	2	3	2	1		1	1	1	1	1	1	1
OTU4234	3				1		1	2		3	2	1	2		3	3				2
OTU4255			1		2		1	1	1		3			2	1	2	3	2	1	
OTU4273	2	1						1		1		1			1	1	2	1	1	1
OTU4274			2			5	1		2				1	2	2	1	1		1	
OTU4282	3	4	3	2	6		1	6	5	7	6	11	3	4	6	5	4	3	5	3
OTU4286	1	4	1	3	2			1	3			6	6	2			1	1	4	1
OTU4295	1		1		1			1	2	2	1	1		1	2	1	2	1		1
OTU4300	4		2		3			2	3		6	2	1	1	10	4	3	4	2	1
OTU4304	2		3	1	2	1		2	3	2	2	1	1		4		1		1	
OTU4331	5	2	4		13	2	8	1	6	11	13	6	7	9	9	9	4	3	4	8
OTU436			5		4	1	2	2	2	1	4		2	1		1	2	2	2	
OTU437		3	1		3			2	4	1	1	3	2	1	2	1		2	1	1
OTU4379	1				1			1	1	1	1	1		2	1	2		1		
OTU438	1	2	2		3	1	5	6	1	2	2	6	4	2	3	1	3	3	3	3
OTU4387	18	9	8	8	26	11	11	19	13	35	25	26	19	20	35	18	14	25	16	8
OTU44	3		1		1		2		1	4	5		3	4	5		3	2	1	1
OTU4406			3		2	1		3	1	3	2		1	3	1	2	1	3		3
OTU4412	7	1	5	1	8	1	3	11	8	14	11	6	13	6	12	6	6	9	9	2
OTU442	66	28	71	17	130	26	73	120	99	198	172	88	96	93	186	97	93	111	94	78
OTU4420		1					3	2						1	2	3	1	2	1	1
OTU4436		1	1					1			3	4	1	2	1	1		1	2	4
OTU4441	34	37	37	54	38	27	31	38	42	24	55	18	34	63	12	18	58	23	21	19
OTU4456	1			3		1	2	1	3		1				2	1	1		1	
OTU4461	33	22	24	5		1	11	50	108		3	72	2	37	19	12	1	4		
OTU4463	1			3				1	3	3	4		3	1	4	2	1	4	1	2
OTU4503	1						1	1			2			2	1	2	1	1	2	2
OTU4507		2	2	1	1				1	1	1				2	1	1		1	
OTU452	1		1			2					2	3	1		4		2	1	1	
OTU4538	1	4	3		4	4	2	3	5	5	4	1	1	1	3	2	3	7		
OTU455	85	33	61	23	115	24	71	89	107	175	190	86	88	82	159	73	55	127	80	80
OTU4553	10	1	6	2	13	3	8	5	4	2	10	1	2	7	6	5	7	4	8	10
OTU4579		1	2		1	3	1	2	1	3	2		4	1	1			5	2	
OTU4589						1	1	1					1	3	3	1		1	2	1
OTU4626		22	7	1	6	2	6	1	2	4	7	13	15	7	2	3	3	2	1	1
OTU4638	25	11	7	15	7	10	1	3	3	10	5	6	7	4	4	10	6	2	19	15
OTU4649	6	5	14	5	15	2	7	15	11	19	31	12	10	10	23	11	7	17	12	18
OTU4665	16	15	13	9	31	2	21	18	16	30	39	13	27	14	36	13	14	30	14	14
OTU4671	3				2	2	1		1			1	2	2	1	4		1		1
OTU4687	2			5	6		5	4	4	2	7	1	1	2	5	2	3	6	3	4
OTU4690	2				5		1	2	1	6	4		6	2	3	1	2	1	2	5
OTU4693	1		1		1		2	1	1		3	1		2	4	4	1	3	3	2
OTU4706		1	1		6		3	7	3	7	5	1	3	1	2	1		1	1	1
OTU4759		1		1	2	7	1	1		2		7	1	1	5		2	1		1
OTU4762	5	6	3		12	8	13	10	6	33	23	18	26	22	19	14	9	12	12	12
OTU4776			1			1		1		2		3	1	1	1	2		2		1
OTU4778	20	8	5	4	101		9	12	10	32	24	17	2	22	13	11	13	21	9	5
OTU4793		1	1		1		2	1	1		1	1		1	3	1		1		1
OTU4801		15		13	37	24	28	1	61	65	2	22	3	30	85		66	47	39	1
OTU4802	1	4	6	6	2	13	4	13	2	2	5	11	3	8		21	13	5	19	5
OTU4803	5	3	5	2	17		6	4	7	11	9	4	7	2	11	4	8	8	2	11
OTU4815	53	21	22	8	50	15	52	56	41	114	129	41	62	33	81	47	51	32	46	42
OTU482	1	2		1		2		1		4	1	3	4	1	1	1		3	1	
OTU4831	2		4	1	6		3	2	1		1	1	2	3	2	1	3	5	2	2
OTU4838	20	7	26	5	44	8	24	17	30	37	43	26	32	25	54	25	15	42	28	29
OTU4848	12	15	11	5	20	5	13	12	19	12	30	19	21	15	23	12	24	18	6	11
OTU486	1							1	1	1	1			2	3	1	1		1	1
OTU4883	12	9	15	12	8	2	19	24	20	30	41	12	12	18	30	12	12	22	20	21
OTU4886	2		1		2	1	2	3		1	3	1	1	1	2		1			3
OTU4902	1			1	2				1	1			2		1	1		1		1
OTU4913	1	1			1	1	2	1	1	3	1		2	1		1		2	1	
OTU4923	5	1	2		2		1	1	7	3	6	2		4	8	4	1	3	4	5
OTU4931	4	2	3	1	2		3	7	2	8	3	4	3	4	5	2	1	2	3	4
OTU4947			1	5	5		1	1		2	5	3	3		2	1	3	3		1
OTU5006								2		2	1	1	2	1	1		1		2	3
OTU501	2			2	1	3	2	3	1	6		1	1	1		2	3			1
OTU5026				1			1		1	3	1	2	6		3	1				2
OTU5027			2	1					2	2	2			1	2	2		1		1
OTU5029	5	2		2	11	1	5	6	2	13	7	5	2	10	8	4	6	6	5	7
OTU5039	6	4	5	6	8	4	12	12	8	8	19	4	12	5	19	8	9	10	9	13
OTU5041	1				3			1	1	3	1			2	3	1	1	1	1	
OTU5042	2	1	5		6	1	6	6	2	9	9	1	6	3	9	2	5	3	2	2
OTU5046			2		1	1			1	1	4	2	4	2	1			1	1	2
OTU5049	8		7		6	3	5	7	10	7	27	2	1	7	9	10	9	8	12	9
OTU5050		1			1				1		5	2	4		1	1	3	1		
OTU5051	1		2		1	1	2	1		2	2			1	2			1	3	
OTU5052	3	1	1		1	1	3	2	1	4	3	3	6	2	7		1		3	
OTU5053		1						3			1	3	3		1		1	1	1	1
OTU5054	5	3	2	1	9	2	5	2	9	7	14	6	5	4	8	2	2	5		4
OTU5055	1			2	7	1		1	3	1	5			3	3	3	3	1	1	5
OTU5056	2			1	3	1	2	6		8	1	2	7	1	1	1	1	2	5	3
OTU5058	4	2			4	1	3	6	2	7	5	2	8	4	5	2	5	2	3	
OTU5060	1		2		2	1	3	1	2	1	1	2	1		3	1	4	1	2	2
OTU5063	2				5	1		2		6	6	4	1	1	2	3	2	2	2	1
OTU5073	1						1		1	5	1	2	3	2		1				1
OTU5075	4		3		9	1	4	4	7	2	6	4	4	6	5	5	3	5	8	6
OTU5082	1	3			1		1			1	2		2	1	2	1		1	1	1
OTU5086		1			1		2		1	3	1				1		2	2	1	3
OTU5092	18	2	12	2	34	7	13	23	25	31	32	21	15	15	49	13	11	19	9	6
OTU5099			2					2		1	2	1			1	1	1	1	2	1
OTU5100	114	1624	498	1615	548	4	186	275	160	17	69	689	55	482	310	94	286	98	1352	590
OTU5103	1				1			4		3	2			1	2		3	1		1
OTU5104	2	1	3	1	1		1	3	1	1	7	2	1	1	1	4	1	1		
OTU5106	1	2	1				1	1		2	3	2	1							1
OTU5107					2	1		2	1	3	4	1		1	1				1	1
OTU5113		2			2			1	3	1	3			4	3	2		2	3	4
OTU5119	6	3	2		5	3	3	6	9	15	6	3	4	5	8	7	5	22	6	4
OTU5126			1	1			2	1		2	2	1	1			1	1			1
OTU5128	48	11	14	11	48	16	48	52	32	75	83	35	47	43	71	49	42	35	35	48
OTU5144	6	1			5	1	2	9	4	19	12	8	11	3	8	2			2	2
OTU5146	6	3	4	1	7	4	11	14	10	13	26	7	8	15	11	10	11	12	6	20
OTU5151	19	5	5		34	9	15	20	24	23	29	15	8	20	47	15	13	13	15	18
OTU5190	2	1	1	2	5	1		1				4		1	1	1	2			1
OTU5195	15	5	19		36	6	22	18	32	22	32	18	4	34	51	23	23	25	25	20
OTU5198					2		2	2	1	1	2	1	1	1	1		1	1		1
OTU5206			1				1	1		2	5		3		1	1		4	2	1
OTU5211	2				1		1	1	2				1	1	1	2	1	2	4	
OTU524	2	6	4		5	2	2	4	3	5	7	1	1	3	5	1	3	6	2	1
OTU5246	12	20		30		1		20		1		6		12				17	2	
OTU5254	1	7				1	1	2	1	3	3	1	2	1	3	1			3	2
OTU5286	1	2	1		4		3	1	1	1	2	1	3	1	3	3	2	2	1	3
OTU5294	238	371	78	322	161	23	282	267	271	99	108	73	839	157	177	63	184	307	71	199
OTU5297	1		1	5	2		3	2	1	3	3	3	5	3	3	1	1	7	2	2
OTU5299	1			1	3		2	5	4	6	4		3		2	1	2	2		1
OTU530	7	4	7	1	14	3	5	9	12	18	11	14	16	11	20	7	11	18	16	8
OTU5308		1	2	1	2	2	1	2	4	2	2	1	7	2	4	1	1	4	3	2
OTU5319			3		4		1	1		2	3		1	1	1		1	2		2
OTU5323	33	64	13	9	11	208	103	3	50	97	34	7	94	30	43	60	19	53	5	1
OTU533	7		6	1	9	4	1	4	7	11	7	2	2	2	2	1	3	3	2	1
OTU5333	18		5	24	4		1	6		1	1	3	118	40		1	3	1	14	30
OTU5334	5	2	1	2	3		5	5	3	6	5	4	2	6	9	7	6	5	2	6
OTU5340	19	7	16	6	24	3	15	14	20	30	26	10	18	11	20	14	13	27	17	20
OTU5344		1	3	1						1			4		1	1	1	4	1	2
OTU5360		2	1	2	4		2	4	2	7	6	1	1	1	2	1	3	1	1	1
OTU5377	9	87	74	19	33	37	20	13	2	26	103	29	32	48	10	13	16	19	36	10
OTU5429	3	1	6	1	5	2	4	6	8	9	7	14	11	7	11	3	8	6	5	6
OTU5444	8	1	6		7	4	5	3	7	14	19	3	8	4	10	4	4	17	2	3
OTU5455	85	50	62	28	196	30	39	74	84	99	119	72	79	88	167	68	70	90	71	67
OTU5465	70	36	62	27	106	17	64	75	89	163	157	78	96	72	123	66	68	142	75	78
OTU5471		1			1	1		1	1	1	2				2	1				2
OTU5472	4	1		2	8			1		5	2	2	4	4	4	2		2	1	1
OTU5477	1				4		1	2			3	3		1	1			1		1
OTU5483	3						1	3		2	1	1	1	2	2	4	2	2	1	1
OTU5495	17	76	73	51	14	28	90	57	117	4	6	29	10	114	90	93	125	45	58	13
OTU5497	5	3	1	3	4	1	6	4	2	3	10	3	7	7	15	11	6	8	4	4
OTU5500	3	5	4		6	1	2	3	2	2	9	3	5	6	7	1	2	1	4	3
OTU5508	4	1	3	1	5	4	2	3	5		10	2	5	1	11	1	3	4	2	2
OTU5513	7	6	7	5	82		12		4		7			76	7	36	64	5		30
OTU5528	5	2	4	5	5	4	7	11	5	13	18	3	4	15	10	4	3	12	5	4
OTU5530	5		1		7	1	2			1	4		4	3	1		2	1	3	6
OTU5540	33	18	43	44	18	12	37	31	20	14	18	33	12	30	79	25	16	18	7	13
OTU5565		1		5		1	3	4	4	2	1		1		1	4	1		1	1
OTU5570	33	11	9	4	46	11	38	30	30	67	62	26	54	45	34	32	24	18	27	31
OTU5576	5	2	7	2	8	1	5	10	10	14	14	5	7	8	11	11	8	13	6	6
OTU5593	19	5	14	3	15		28	16	12	6			20	16	9	1	23	14	2	17
OTU5599	1			1	2		3	2		5	2	4	4	2	1	1	1	2	1	1
OTU5604					1	3	2	1		2	6	1	1	1	6	3	1		2	3
OTU5609	1	4	5		1	1	4	3	1	3	7	1	6	2	3	3	3	1	1	
OTU5621	1				3		1	3	1		1	1	1	3	3		2	1		1
OTU5629	1		2		1		1	1	1	1	2	1		2	1	1		3		1
OTU5638	7	11	5		7	5	8	4	15	11	12	8	6	3	10	13	5	13	10	6
OTU5639	1		1					2		1	3	2	1		2				1	1
OTU5643			1				1	2	2	2	1		1	1	1			1		1
OTU5649	16	10	11	5	29	8	13	16	14	31	45	11	13	17	27	16	19	40	20	18
OTU5650	4			2	12		1		1	19	1	10	1	1		6		7		
OTU5653	101	68	62	19	192	33	71	109	82	180	144	121	112	102	164	74	80	113	76	70
OTU569		1			1	1	1	1	1	3	1		2	2	4	1				1
OTU5695			2				1	1	3	1	4	1	1		4			2	3	
OTU5704		1	2		1		2	3			1	1	2	1	4	1		3	1	1
OTU5707			1			1	3	2	1	1	2		1	2	2				2	
OTU5709	2		6	3	9	1	1	6	5	8	7	3		6	5	4	4	1	6	4
OTU5710	1	5	34		5	3	6		4	17	12	4	1	16	3			2	4	2
OTU5722	1		1			1	2		1		3			2	2			2	3	1
OTU5727	2			6		1	2	5	4	1	2				2		2	1		1
OTU5732	18	3		3	11	2	4	13	10	29	25	4	4	14	19	7	8	3	7	12
OTU5733	4		2		5	4	4	4	4	4	7	1	7	5	2	4	3	7	2	4
OTU5735	3	1	2	2	11	1	9	1	7	10	14	7	6	3	9	5	3	1	4	7
OTU5744	2	1			3	3	4	6	4	13	10	3	7	11	5	5	6	12	4	2
OTU5763	10			1	2						1	2	2		6			1	1	1
OTU5765	53	20	17	15	43	20	44	39	22	84	84	33	39	45	60	45	45	31	43	49
OTU5768	1						1	4		4	2	1		3	1	1				3
OTU5773		1	1			1		3	1	4	5	2	1		2		1		1	
OTU5780	1	1	2		1	1		2	1	1	4			1	2	1	1	2		1
OTU5783	22	8	26	3	40	11	31	42	33	72	66	31	49	29	51	32	18	57	29	32
OTU5789	10	4	8		4	6	4	14	15	11	18	7	2	3	12	9	7	10	5	9
OTU5795	7		7	1	10	4	4	8	2	8	8	3	5	3	7	7	3	4	8	6
OTU5798		2			1			1	1		2	3	1	1	3		1			
OTU5804	5		3		4	1	6	1		3	2	1			6	1	2	1		
OTU5813	4		1				1	1	1		2			2		5		1	2	1
OTU5833	1		1		2		2	1			1			1	2			1		1
OTU5836	1				1			3		3	1	1	5	3	8	1				3
OTU5837	15	6	5	3	7	3	9	2	9	29	18	4	10	4	10	11	6	11	12	6
OTU5851			1				1		3	1	1	1		2	1	2	2	1	2	2
OTU5852	1					2		1	2	3	2	3	1	3	2	2	2	2	1	1
OTU5853						1		2	1	1	2				1	1	1		1	1
OTU5860		44	61	54	3	5		12		2	1	7	4	13		7	2		14	4
OTU5863		1	1				1			1			1		1	1	1	1		1
OTU5866	14	27	17	6	34	21	47	11	28	50	36	23	39	4	80	29	8	97	15	45
OTU5870	1	2	2		2		1	1		3	1	1		2	1	1	1			
OTU5871		1	5				1		1	5	7	5	6	1	4	1	5	3	1	5
OTU5873	1		1		2	1	1			3	4	1	3		4		1	1		4
OTU5876	4		2	3	3	2	4	3	1	8	7	4	3		7	2	6	7	4	4
OTU588	1		1		2			1	3		5				3	1		1		1
OTU5881	2	2				1	3	1		2	3	4	2		1	1		5		1
OTU5882			5		2	1	4		2	2	5	2	7	6	2	1	4	6		
OTU5883					4		1	1	3		4	1	1	2	1	1				
OTU5885	1	3			5		2		3		1			2	3	3	1		1	2
OTU5887				3	1		1		5		2	1	3		1	2	2	2		1
OTU589	4	1	1		4	4	6	5	4	14	8	2	7	1	9	1	7	3		6
OTU5890	3	3	5	2	4	2	4	9	6	4	17	1	3	4	11	5	2	5	1	7
OTU5891	2			1	2		2	1	2		3				3	1				3
OTU5895	1	1			3		1	3	2	1			1		2	1				2
OTU5897	3	1	1		1	1	3	2	4	4	5		1		2	3	3	4	1	1
OTU5903			1				1	1		1			1	1	1			1	1	1
OTU5923	1	1			2	2	1			1	3	2		1	2	2	6		2	1
OTU5924	11	32	10	2	21		30	47	10		236		13	77	8		196	6	159	125
OTU5926	3				2			1	1	3	3		2			1	2		1	1
OTU5930	1		1			1	2		1		5			3			1	1	1	1
OTU5932	1	1	2	2	1	1		1	3	2	5	5	3	2	1	1	2	2		1
OTU5938	210	81	49	194	52	10	35	49	44	24	34	5	14	116	72	51	92	44	45	23
OTU5951		1		1					1	3	3	1	2	1	2	1		2		5
OTU596	3	1			3			3	2	1	2	2	2	2	3	2	1	3	1	2
OTU5960	1		1	1			1	1			2		1	2	5		2	2		
OTU5963	1	1		6	4		4	6	2	1	5		2		2	2	3	1	4	3
OTU5973	1	2	2		1		1			2	2			1		1	2	2	2	
OTU5974	6	2	8		21	4	10	9	14	23	16	11	11	8	13	9	7	15	12	4
OTU5976	4	1	1		1	1	3	1	1	2	4		2	3	5	6	3	3	4	4
OTU5977	63	21	82	40	222		145	20	43	7	9		3	388	1	34	114	79	124	2
OTU5979	80	38	14	75	26	4	22	37	32	22	73	6	16	12	15	19	42	30	22	77
OTU5987	1			1	4		1	1	1	4	2			1	1	2	1			
OTU5997			1		2		1		3	1	1	1	2	1	5	1	3		1	1
OTU5998	2	1	1		6	1	1	2		2	3	1		1	1	1		1		
OTU6003		3	1		2		1		1		1		2		1	2			1	
OTU6005	4		2		1		3	2	3	2	4		1	1				1		2
OTU6011	13	3	2	3	5		1	8	2		4		2	5	1	5		1	1	
OTU6025	2		1			1	1			1	2		1		1				1	1
OTU6039	4			1	2	2	2	5		10	3	4	3	6	4	2		1	1	2
OTU6040	361	3		1192	1		265	34	46		180	21		3	13	5	230	33		3
OTU6041		3		7	1	3	1	1	1	2			3	1			1		2	
OTU6042	609	426	282	361	237	153	332	364	213	29	92	78	108	216	165	218	257	194	157	131
OTU6044	5	153	2	2229		23	9	3	4	3		2	3	8		5	3	6	1	2
OTU6045	1		2	3	1			2	2	9			2		2	1		2	1	1
OTU6055	142	111	70	45	62	79	78	74	76	224	32	37	215	45	92	89	101	105	50	52
OTU6064				1	1							2		3	1	2	2	1	2	1
OTU6066	2			2		1	1	2	4	1	1				1		1			
OTU6068		1	2	3	2			1		2					3		2	1		1
OTU6082	2		2		2		3	1	1	3	1		1		2			1	1	1
OTU6108	2	1	2				1	2	1	2		1		3					2	
OTU6115	2	1	2		4		2		2		1	1		1	5			2	2	1
OTU6117	1	1	1	1	12	1	2	1	3	2	4	1	1	1	8	2	3	1	1	1
OTU6147	1			1			1	3		2		2			1	1	2	2	1	4
OTU6152	3	4	1	2	6		6	3	1	3	3	5	1	3	2			5	5	1
OTU6159		3	5	1		1	1			2	1	4		5		1			2	
OTU6180	1				3	1		1	2	5	2	1	1	3	2	1	4		2	1
OTU6195	5	1	5	4	7	4	5	14	8	17	9	5	11	8	5	8	5	9	3	7
OTU6198			1		1	1	1			1		1	2	1	1		1			2
OTU6201	3			2	1		2	8	2	1					1	1	6	1		1
OTU6221						1	2	2		1	1	2			2	3			1	1
OTU6222	3		1	1	2		2	2	1		3	7	1	7	2	4	2	5	1	1
OTU6234	20	30	14	64	43	48	31	12	6	10	7	13	6	14	24	63	54	19	74	31
OTU6251	1	1			1		3	1	1	2	1		1	2	1		1	3	1	1
OTU6254	1762	2184	1036	10	2602	2297	4601	4299	3291	3470	3055	2334	4234	3753	2098	1698	4527	889	1734	3490
OTU6255		1				1	2	5	2	4	4				2		1		5	
OTU6256	4				4		1	1	3	5	4		2	4		1	3			2
OTU6257	6	3	3	1	9	2	3	3	2	9	17	1	6	5	9	5	4	7	6	5
OTU6261	3	2	1	1	7		1	1	1	5	3	7	5		3	2	2	4	2	1
OTU6307	2		1	2		1	1	3			4	6	1	1	1	1		2	3	
OTU632							2	3	1		3	1	1		2	1	1	2		
OTU6366	5	6	10	6	1	7	6	4	9	11	12	5	9	9	13	8		4	8	2
OTU637	8	3	8		7	4	4	12	10	13	28	16	5	11	9	11	10	10	7	3
OTU6377	1	2		2		8		2	1				1	2	1	5	2			2
OTU6392	1		1	1			3	2	1	3	2	2		5	1	1	1			2
OTU6403	55	18	29	20	80	18	75	71	75	113	120	43	56	66	97	62	67	85	56	64
OTU644			2				2	1	1	1		1		2		1	1	1		2
OTU6442	31	52	44	40	55	40	29	86	27	123	57	133	87	32	45	19	25	60	20	63
OTU6454		2	5	3	11	13	1		2	1		10		10					2	
OTU6463	1	2	9	2	1	2	3			4	4	2		2		1				
OTU6491	2				4		1		1	1	1	1	1	1	1	1	1	1	1	2
OTU65					4	1	3			2	2	2	1	1	5				1	
OTU6504					1		1	1		1	2	1		4	2	1	1	1		
OTU6507			1	1				1					1	1	2	1		1	1	1
OTU654	2		4			1	1	10	1	4	5		8	6	2	1		6	3	1
OTU6541	2					1	3	6	2	7	1	1			5	1	1		1	3
OTU6543	3	5	4	2	18	5	2	6	9	14	9	19	10	6	5	5	4	11	3	8
OTU6546		1			4		32		7					26		7	1	1	1	12
OTU6551	3	5	21	16	2	8	6	4	5	1	10	9	1	5	2	23	3	12	9	7
OTU6578	4	3	8	1	8	2	11	10	10	7	15	41	3	9	15	8	7	8	3	2
OTU6594	2	1	1				2			1	2	4	3	2	2	3	1	2	1	4
OTU6596	2			1	1	2		2			1		2	1	1	1				
OTU6597			1		6		1		2		1	7		1	1	1				1
OTU6598			1				2		1	3	2				2		3	1	1	1
OTU6600	1		1	2	2		2	1	3	1	6	1		2	4	2	3	3	1	3
OTU6602	12	10	3	2	16	10	10	30	12	56	37	13	28	28	33	22	17	4	9	20
OTU6605	1		2		2	2	3	1	2	2	2		1	2	2	1	1		2	1
OTU6622	16	9	10	7	19	4	13	11	14	39	25	40	29	16	17	13	13	18	14	12
OTU6625	2				1		1	4		2	1	1		1	1	1	2		2	
OTU6656			1						1	1	1	1	1		2	1			1	2
OTU6680	4	1	1	2			5	1	1	3	5	2	1	1	4	1	4		1	4
OTU671	4	12	9	11	4	11	8	3	10	3	2	47	4	5	14	1	3	11	14	19
OTU673	2	2	4	1	3		3	4	12	4	8	2	6	3	12	2	5	8	3	2
OTU6749	7	5	5	4	4	8	5	7	8	24	6	40	12	5	4	5	7	13	3	19
OTU675	2		4	2	9	1	2	3	5	6	6	1	3	5	11	6	2	10	8	2
OTU6774	2					1		2	1	1			3		2	1	1		1	1
OTU68	4	1			7		4			2	3	1	3	2	2	2	2	4	4	3
OTU6809								1	3	1	1	1		2	1		1		1	1
OTU6816	4	4	12	2	14	2	5	13	11	9	10	9	8	5	14	3	2	10	3	6
OTU6841	47	13	44	2	42	14	30	44	46	95	73	42	38	47	63	41	27	83	55	36
OTU6845	1				1				3	3	5	2	2	1	1		1	2		1
OTU6847	7	1	6		6	1	3	6	9	13	6	3	7	7	9	4	3	7	3	6
OTU6854	8		1		6	2	7	4	7	7	8	5	4	4	11	7	3	7	8	3
OTU6870	1	3	3	2	10	5	12	8	11	13	14	7	5	10	16	5	11	7	8	11
OTU6875	2	35	29	3	16	2	39	8	12	13	18	591	2	11	9	6	5	7	11	56
OTU6880	8	3	9	3	10	1	12	13	14	8	12	10	4	9	14	4	13	7	12	14
OTU6898			1		3	1	2	2	3	4	2	2	5		1	1	2		1	2
OTU6932	3	3	2	1	1	2	2	2	8	3	19	2	2	1	6	4	2	5	1	3
OTU695	2	2	5	8	2	1	1	5	8	11	11		9	11	12	4	6	3	4	6
OTU6961	2	4			7				5	47	3	5	2	9	1	5	1	5		
OTU6984		2	3	2	6	1	2	3	1	3	5	1	6	1	3	3		5		1
OTU6987	9		5	1	4	1	2	4	4	5	6	5	3	5	2	1	4	3	4	5
OTU6994	326	112		352		88			10	46	442	137	204	3		537		1		272
OTU6995	1						1			4	1			1	1	1		1	2	3
OTU6999	7	6	2	1	18	3	5	7	4	6	7	6	6	14	13	5	5	4	3	5
OTU7004	3			3	3	1		1	1				1		1	1		1	1	
OTU7009	18	13	21	6	33	17	58	37	35	33	39	16	12	16	21	10	22	28	15	17
OTU7019	3			1			2	2	2	1	5	2	1		1			2	1	1
OTU7020	6	2	4		4		3	6	7	9	4		4	3	1	3	1	6	4	2
OTU7026	5	5		1	1	1	4		2	2	4	2	3	1	6	3		4	1	2
OTU7038	80	50	44	55	23	31	23	51	20	5	5		7	44	25	45	71	17	29	23
OTU7040	2				1	2		3	3	2	1	1	2	2		2	2	1	1	1
OTU7041	5		1		5		3		2	3	1	2	6	2	4	2		1	6	3
OTU7050	1	4			3		1	1	1	1	4	3	1				1	1		4
OTU7075	1	32		3	34	1	31	8		4	22							3	9	4
OTU7083	56	37	72	12	119	42	64	102	71	193	131	145	106	56	114	81	55	93	78	79
OTU7087	6	2	6	2	16	2	2	13	10	14	23	6	7	5	14	5	5	11	5	6
OTU7091	2		2			1	2	1	2	3	6	1	3	3	7	3		3	3	3
OTU7092	15	4	10	1	13	5	15	11	17	21	32	20	22	10	26	4	10	27	7	11
OTU7109	3	39		44	242		20	123	316	2	1	41		8	4	10	192	24	36	5
OTU7115	1		4	1	5		6	1	4	3	8		1	3	4	2		5	3	2
OTU7116		11	50	12	18	3	21			13	27	64	7	3		3	3	1	15	2
OTU7127			7		1	1		2	1	1	4		8	3		1			41	
OTU7139	1	26	57	210	6	160		19		68	3	119	62		28	9		86	12	23
OTU716	2		1	2				2	1	1	1	2	1	2	3	3				
OTU7173	3	2	1		4	1	1	9	8	8	9	9	6	4	8	4	2	12	6	8
OTU7179	4	3	1		1		1		4	4	1	1	2	3	1		3	1		2
OTU718	1		1		5	1	1	5	2	3	4	2	4	4	3	1	1	3	5	2
OTU7221		1			1		1	6	1	1				3	1	1	2	1		
OTU7248	6	3	4		15	1	6	7	6	3	6	2	3	1	2	3	6	1	3	7
OTU7249	13	3	9	4	17	2	11	14	13	15	27	5	9	5	8	12	12	22	8	9
OTU7254	3	1	1		5	1	3	1	4		2	6	3	2	1	1	2		1	
OTU7255	1	2		1	3			3	2	3	4	2			2		2	1	2	1
OTU7285	2			1	7	2	2	3	2	7	8	3	1	1	3	1		7	1	2
OTU7290	1		2				2	5	2	2	2	3		1	5			1	3	3
OTU7295	4		1	1	1		1	3	2		1			2	2	2	1	2		2
OTU73	1	1	2		2		2	1	2			1	4	2	7	2	3	2	2	2
OTU7302	2	2						1	1	2	6				4		2		4	5
OTU7303	2		4		12	2	3	4	1	5	4	2	1	1	4	4		1	2	2
OTU7304	2	1	3		2	1	2	1	3	1	8	1	2	5	5	1	3	1	5	3
OTU7320	2	1						1	2	1	2			6	1		1	1	3	
OTU7353	5					2	1	9	1	11	6	4	1	2	2	1	1		1	
OTU7359		1					1	6	1	1	1	1	2	1	1	1	1			2
OTU7375					2	1		4		3	1		1	1	1	1	1	1	1	1
OTU7376	1	7	2		2	1	5	1	3		1	3	1		5		1	5		2
OTU7378	15	2	1	28	2	4	4	1	27	8	1		2				1	4	2	
OTU7390	19	103	4	2		113	41		14	40	32	2	13	51	26	44	63	30		
OTU7392	1	8	6	3	3	3	4			8	7	1	1	24	2	1	8	15		1
OTU7393	2				2		2		1	1	3			1	5	1	1	1		1
OTU7394	3		5			3	1	2	2	3	5	4	4	3	8	4	3	4	4	5
OTU7422	7	4	7	1	8	2	3	2	4	7	13		10	3	6	2	1	4	5	2
OTU7423	1	1	5	2	8		5	5	4	7	9	2	6	3	8	2	3	9	6	7
OTU7424	14	3	12	5	22	6	18	10	15	45	24	26	29	13	14	15	10	39	16	12
OTU7426		12	6	4	17			2	1			16	3	11					20	
OTU743		1			4	1		3	4	1	2	3	1	2	2	5	2			5
OTU7440	47	24	52	23	102	25	81	97	85	208	169	81	79	74	121	76	82	88	77	110
OTU7443	2	1	1			1	2				1	3	1					2	3	
OTU7449	9	5	7		18	3	5	8	6	7	19	7	5	9	6	6	4	9	10	2
OTU7452	2	3	5		5	3		6	1	4	3	5	2	4	3	3	1	5	2	
OTU747			1				2			1	1	2	1		1	1		1		1
OTU7471	18	13	13	3	39	9	32	29	15	29	44	19	25	13	42	14	19	35	21	25
OTU7485	2			1	4	1	2	1	1	3	4	2	2	2	4	4	3	3	1	1
OTU75			1				1	1	3	1	2		1	1	3			2	2	
OTU7503	7	1			2		4	6	3	5	6	1	4	5	2	3	1	1	3	4
OTU7505		1	3		2	2		1	1	4	4	1	2	2	3	2	3	3	1	2
OTU7513	2		3		1					1	3	3	2	2	5		1		1	2
OTU7520	1	1			2		1		1			1				1	2	2		1
OTU7527	33	9	23	14	42	16	48	54	46	105	108	33	55	63	100	59	55	52	64	56
OTU7544	4	4	1		6	2	2	2	9	5	8		1	5	3	2	3	4	6	4
OTU7549	26	21	21	4	33	10	29	28	24	46	49	19	24	24	34	19	23	24	20	27
OTU7557	2					1	1	1		3	2	1		1	3	1	2			
OTU7560		1			1		2	4	1	1	3	2	1	2	2		1	4	1	
OTU7566	2				5		1	4	1	5	7	1	5	6	3	3	4	1		5
OTU7577	2				4			4	1	3	1	1	1	3			1	5		
OTU7578	3	2		1	7	2	1	1	1		1	7		1	1	6	4	9	1	1
OTU7611	1		2		7		3	3	3	9	2		4	2	6	3	1	2		2
OTU7616	159	40	91	23	437	3	17	442	29	4	94		104	19		75	8	93	229	64
OTU7644	27	8	36	10	51	5	33	29	28	59	70	38	31	37	67	35	33	34	33	32
OTU7660	1			1			1			4	3	1	1	2	1	1	1	2	1	
OTU7663	4	2	1		2	7	1	2	4	13	6		14		3	3	6	4	2	1
OTU7688		8	7	4	9		1		2	14	15	15	2	28	1	3			4	
OTU7689	2				3		2	2	3	3		1	2	2	8	2	1	1	2	2
OTU7691	853	1798	209	1357	686	229	306	523	276	263	114	751	81	298	304	1692	459	125	1054	372
OTU7695	2	1	2		2			3	1	2	6	2	2	5	2	1	2	1	1	
OTU7698	1		1		2		1		1	3	3	1	1		2		2		1	1
OTU7699		27	4	19	7	7	2	2	9	7		1	2	5	8	5	2	2	17	11
OTU7707			2	1			2	1		2	2		1	2	1	2		5		
OTU7716	2	1	2	1	4		5	8	5	15	5	6	7	5	5		7	4	2	7
OTU7718	2		1		1		1			1	1	5	4		2	1	1	2		
OTU7736	2	1		1	8	1	1	7	2	7	3	4	6	2	2	5	2	1		4
OTU7741	1	2			3			1		1	2	1	2	1			2	1	1	4
OTU7744	63	43	97	42	98	26	90	108	97	216	220	72	95	84	128	83	82	151	103	117
OTU7760		1				1	1		3	3	1	2		2			1	1		4
OTU7761	1051	942	83	757	367	675	263	160	181	134	148	415	383	187	291	320	229	183	360	158
OTU7764					2	1	1	5	3	3	5		1	2	2	2	3	4	2	3
OTU7765		8	2	1	14	1	5	7	7	8	7	3	5	2	8	5	3	8	5	8
OTU7767	2	1		1	2	2		2	4	7	5	1	3	2	4	1	4	1	3	8
OTU7769	1	1	1	1	8		1		2	1	1			4	1	1	2	1	3	2
OTU778	5		1		4	1	2	5	6	1	3			7	10	1	2		3	1
OTU7782	13	1	5	6	27		10	13	7	10	13	8	11	20	32	10	11	10	6	7
OTU7800	1				4		4	3	1	8	5	1	1	3	1	2	1		1	5
OTU7825	2	4	1	8	2	2	9	10	7	8	4	10	6	6	9	10	4	3	12	8
OTU7831	2		2		5	1	4	3	7	10	3	8	5	2	1	5	5	10	5	4
OTU7836		13	19	16	15	4	16			2		41	10	33	2	31	3	9	7	6
OTU7853	5	2	1		1		1	2	4	2	3		1		4	2	1	6	2	2
OTU7854	3		1	2		2	1	2		5	1	2		2	1	2	1	1	2	
OTU7880	2	1	1	2		1	2	2		1	4				2	1	1	4	2	5
OTU7881	1	2	1	1	2		3	5	5	3	10	5	3	2	4	1	3	1	3	3
OTU7882	6	1	2		1			1		1	1	1		2			2	2	1	1
OTU7883		5	1		4		4		1	2	3	1	1	1	2	1			2	1
OTU7887	1	1	1			1	3	1	1	2	3		2	1	3		2		2	2
OTU7907	11	9	18	8	22	7	14	30	20	28	22	12	19	18	28	19	11	23	22	23
OTU7908	1		1		2	1	2		2	4	4	5	4	3	3	1	4	8		5
OTU791	10	7	11	6	18	4	11	9	11	18	28	12	9	10	28	7	12	10	13	10
OTU7947	2	1	1						2	1	2	6	1			2		1	2	1
OTU795	1		1		1	1	1		2		2				2	3		1	1	
OTU7976	34	12	12	8	44	16	52	100	52	187	110	30	73	87	116	59	60	27	48	73
OTU7987	2	1			1		1	1		1					1	2		2	1	1
OTU7994	1				6	2		2	3		1				2	2		4		1
OTU7997	9	2	2	6	12	7	5	8	9	17	13	3	14	15	9	9	3	8	4	4
OTU8005	1	1	3		4	3		2		4	3	1	2	2	6		1	4	1	3
OTU8026	63	49	16	24	1	34	7	24	2	28	74	71	17	8	2	37	29	4	9	5
OTU8051		1			1			1	2	3	1	1				1	1	1		
OTU8053	4	3	5		5	2	4	4	6	10	12	2	5	3	12	8	7	7	9	5
OTU8055	11	5	8	2	12	1	17	13	25	18	29	6	5	16	24	11	9	15	17	8
OTU8057				1			1			1	1	2	1	1	3	3		1	1	
OTU8074		1		5	6	1	3	2	2	4	2	3	3		3	2	7	2	3	1
OTU8120	1	2	2		1		1	2		2	1	1	3	2	1		1	1	3	
OTU8121	2	1	2				1	5	1	1					3	2	1	2	1	3
OTU8122	1		5		3			1	4	3			2	2	1			1		4
OTU8139	1		1				1	1			3		2	1		2		2		2
OTU8147	5	3		3	7	2	1	1	3	6	6	8	5	2	4	5	1	1	2	1
OTU8159	3		1	2	5	2	1	4	3	3	4	4	5	2	5	2	4	4	3	3
OTU8162					1	1		1	2		2	1	2	1				1		1
OTU8174	2				4	3	1	2	2	4	7	7	6	5	3	1	1	2	2	2
OTU8180	1	155	11	7	6	34	25	2		4	10	19	2	26	14	19	100	8	6	2
OTU8182	4		1		5	2	3	1	1	4	8	2			1	1			1	1
OTU8186	4	1	1	3	1	3	6	4	1	7	6		6	2	7	4	5	1		3
OTU8192	2		2		2		1	1		2	2	3	4	3	4			1	2	
OTU8195	22	7	17	3	26	5	17	18	27	36	43	25	33	22	33	17	21	28	20	21
OTU8197	1		1	1		1	1		2	1			2	3						1
OTU8199	13	3	4	7	5	7	7	7	5	16	13	8	4	6	14	10	5	7	5	4
OTU8218	8	2	7		5	1	4	3	6	9	9	3	6	9	12	5	9	6	6	6
OTU822	2	1			1	1		1	1		1	1	2		2		2	1	3	1
OTU8225	1	1	1		3	1			1					1	2		1	2	1	1
OTU8226			2		1	2	2		2	5	4	1	3		3	2	1			1
OTU8235	5	4	3		10	2	10	7	9	9	26	4	5	10	12	8	5	11	9	12
OTU8239	65	73	89	54	172	575	48	31	82	29	107	320	15	114	62	73	154	92	115	1219
OTU8260			1		1		2		2	1	1		1	1	3	2		1		
OTU8273	3	1	1				2	1	1	4	3	1		3	2	1			2	1
OTU8274				1		1	1	1	1	1		1				3		1		2
OTU8275	34	18	30	11	43	9	39	25	25	55	73	31	36	26	51	15	26	40	29	21
OTU8288	3	1	1	4	8	3	6	3	1	8	7	3	1	3	6	2	1	4	1	4
OTU8289	6			1	5	1	3	1	7	1	1	55		4	2		2	3	1	1
OTU8318	4	4	1		13	3	6	21	7	24	14	8	10	8	13	3	8	5	9	7
OTU8326	9	3	5		15	2	2	7	2	5	15	2	4	9	6	4	6	3	4	3
OTU8329			1		2	1	1	2		3		1	3	1	2	1	3		2	3
OTU8342	4	6	2	1	9	4	2	1	5	2	4	4		3	2	1	1	2	3	1
OTU8343	1	4			7		1	1	3		3			3	1		3	1		
OTU8353	1		1				1	4			2		1		3	1	2	1		3
OTU8360	4		2		16	1	1	1	2	1		3	3		3	4	1	4	3	5
OTU8370	3	6	8	7	15	2	9	14	10	11	18	11	5	11	11	6	9	9	5	6
OTU8376	1	1			1		2		2	5	2	1	2	2	2		3	3	1	
OTU8377	2		2			2			2	2	2	3			2	1		1	1	
OTU8379	3	2	3	4	5	2	3	4	6	7	14	3		3	9	6	4	5	10	5
OTU8391	26	13	23	17	12	6	1	5	10	17	5	14	2	56	14	39	105	23	36	6
OTU8403	2	3	1	4			1	3	4	4	5	1	1	3	3	1		1	1	3
OTU8405	3	2	1		6	1	1	1	1	2	5	1	6	3	2	3	2	4	1	1
OTU8406	1	2					1	1		1	1	1	2		2	2				
OTU8415	3				8	1		4	2	1	1		2	2	4	1	2			1
OTU8418	46	27	51	22	34	17	30	17	31	4	13	31	17	35	32	40	55	39	25	11
OTU8424	1		2		2	2			2	1	3			1	1			1		1
OTU8431	1	1	1		1	3		1	4	2	2	3		4	6	3		1	2	
OTU8434	3	3	12	1	4	5	10	6	8	12	14	4	6	7	5	12	4	11	5	5
OTU8435	1		1			1			1		1			3	1		1	1		1
OTU8440		1	1		1		3	2	2		1	1		1			3	1	1	
OTU8443		1	2		1		1	1			1		2		2	1	2	1		
OTU8444	4	1	1		2		2	2	1	1	7	4		1	1	3	2	2	3	1
OTU8446	14	7	20	7	23	7	9	16	15	36	17	8	19	17	34	13	15	20	16	8
OTU8447	2	1				2	2	5	1	8	4	2	2		1	1	2		2	1
OTU8451	1		1	1			3		1		2	1					1	1	1	
OTU8453	2				3		4	1	3	4		1	2	3	4		1		1	1
OTU8467	1		1		1			1	1		3	2			1	2			1	3
OTU8476	4	4	7	6	9		8	1	5	1		1		21	10	16	9	11	4	4
OTU8478	6		4		1				1	1		1			4	2	1		1	2
OTU8490	9	5	4	2	10	1	9	5	15	10	15	6	11	12	16	13	10	16	7	9
OTU8504					5		1			2	2		1	1	4	1	1		1	
OTU8510	1	3	1	1	3		5		2	10	6	2	4	4	7	7	1	5	6	4
OTU8527	1		2		2		2	5	1	3	2		1		2	1	1	1	1	
OTU8528			2			2	3	6	2	1	2	1	2	1	1			1	4	
OTU8529	1		2	3			2	1	1		1		1		2	1			1	1
OTU8531	2	2	2	1	5	2	5	1	2	5	11	5		2	5	1	7	7	3	2
OTU8532	1	1	3		6	1	4	4	3	4	2	5	4	2	4	1	4	3	2	1
OTU8536	5	1			2	1	4	2	1	3	5	5	1	2	9	8	3		1	
OTU8538	2	1		1	7		1	3	3		2	1		4	2	5	2	1	5	2
OTU8543		1	1		2		1	2		2	2	2		1	2	2			1	1
OTU8544			1		2	2		2	1		2			2	1			1	1	3
OTU8552			1				1		1	1	2		1	2	5			3	1	1
OTU8554	2	3	3	2		3		1				31	1	8		3	6		1	
OTU8557	2				5		5	8	6	10	26		5	3	11	8	1			11
OTU8569	58	308	691	808	43	2	322	240	108	49	396	118	108	36	243	171	29	324	555	719
OTU8583	205	253	307	555	368	122	223	286	421	33	94	14	67	490	136	360	544	176	467	108
OTU8594	1		3	1			2	1	3	2	1	1	5	2	5	2		1	3	
OTU8603	1	5	8	3	4	9	1	6	3	5	2	11	2	2	2	3		2	9	1
OTU8610	1		2		6	2			1	4	7	2	2	3			2	4	1	2
OTU8625	3	1	2		2	2		5	2	3	1	3	2	5	3	1	2			3
OTU8631	5	1		1	6	3			3	1	1	1	2	5	1		3			1
OTU8638	1					1			1		3			2	5	2	2	1	1	2
OTU8641	1	1			1				2	1	1	2		1	2	2				5
OTU8643	3	2	1	4	8		5	4	4	5	8	1	4	9	16	4	7	1	2	2
OTU8646	4	1			3		5	5	2	4	8	2	5	1	4	1	5	4	1	1
OTU8649	4	4	4	2	5	2	4	10	3	4	9	6	3	3	6	2	1	9	5	3
OTU8652	1	1			1			1	1	2	1	1	1		2	1		1		1
OTU8654	1	3			1		1	1		2	2		6		3			1	1	
OTU8657	59	27	83	13	93	27	66	78	78	113	125	64	72	74	125	41	45	83	40	73
OTU8658	16	2	7	1	29	6	17	21	11	27	28	10	22	15	29	12	6	8	5	10
OTU8678	28	5	30	10	70	9	31	28	38	76	68	22	36	33	74	35	26	40	31	38
OTU8689	5	2		1	3		5	5	5	7	5	1	2	9	1	3	2	3	4	3
OTU8695	5	8	1	7	12	1	9	21	9	24	13	1	4	19	8	8	6	2	11	12
OTU8699	1		1		3	1		1	1	2	4			3	5	1			1	
OTU8700	18	8	16	7	41	7	19	21	27	36	46	29	23	32	41	22	15	36	17	16
OTU8711	2		1		13		3	4	6	3	5	2		3	3	2	2	2	2	1
OTU8714	8	3	1		2		1	1						1		1	2	1		1
OTU8715			2		3		1	1		2	2	2	2	2	1			1	1	
OTU8727	2				1				1	4	2	2	1	3			1	3		
OTU8729	2				11		2	3	1	3	2		1	4	4	2	1	2	1	5
OTU8732	1		1		3		1	2	1	1	6			4	5	2		1	2	1
OTU8733	1					1	1			2	2		2	1	5	2	1	1	2	2
OTU8741	2		5		4	1	3	1	2	4	7	1	1	2	3	5		5	1	3
OTU8742	7	1	3	2	8	1	10	4	6	4	9	2	6	5	3	6	7	2	3	5
OTU8750			6				5	4	3	1	1				1	1		1	2	4
OTU8751	12	11	3	3	20	7	15	12	14	18	32	8	21	15	17	12	16	30	16	19
OTU8755	2				2	1		1	1	1	2		1			1				3
OTU8757	1	4	2		10	2	5	4	7	9	6	8	4	4	8	6	2	7	3	4
OTU8772	1		2		1		1	2	1					1	2	2	1			
OTU8777	1	1			8		2		1	3	3	1	8	2	3	1		3	1	1
OTU8784	6	7	4	3	8	6	1	3			2	4	2	2	1	6	5	5	3	3
OTU88			1			1	1	3		1	2			1	1			1	2	
OTU8804	15	14	29	1	33	16	25	16	46	55	65	21	45	15	38	27	20	30	18	25
OTU8808	1	1	1		2			2	1	3				1	3	3	1	2		
OTU8822	6	3			6	1	5	8	5	4	8	9	10	8	6	2	3		1	15
OTU8824			2		1		2	2	2	4	3		2	1	1	1	2	2	1	
OTU8825	1		3			1	1	1		3	4		3	1	4				1	
OTU8828	3	1	1			3	3	10	2	4	7	1	4	2	4	3	2	4		3
OTU8833	2							2		4	1	3	1	2	1	2	1	1	2	2
OTU8862	2	2	5	1	9		4	2	4	1	4	4	7	3	5	1	2	3		
OTU8876	95	63	86	21	261	47	69	133	124	217	227	157	193	98	214	95	73	153	91	85
OTU8880	2	6	1	2	4	1		3		2	2	6	2		8	4	4	3	2	1
OTU8881	2	1	3		5		1	3	5	3	13	2	3	4	6	1	3	4	3	1
OTU8907	9	7	7		10	5	9	20	16	27	27	13	8	9	24	5	5	10	5	10
OTU8910						1	2	1	1	2	1		2		1	1				1
OTU8919		1			1	1	1		1	2	4	1		1	1	2	1	1		1
OTU8925	1	3	1		1	1	1	1				1		1	1		1	1		1
OTU8946	2		1				1	1	1		2				1	3		1	1	1
OTU896	3		3		12		5	1	5	14	8	8	4	7	12	5	4	7	2	3
OTU8961		12	10	1	10	2	5	1			8	4	2	11	2	4			15	
OTU8976	4		17	2	11	2	8	14	9	19	14	6	12	9	20	11	7	9	16	15
OTU8991			1		2		1	1	1	1			2	1	2	1		1	2	2
OTU9008					4		2	1		1	1	1		2	4			3	1	
OTU925	7	5	3			3	4	4	3	3	10	2	4	3	8	5	2	5	2	6
OTU930	1	1	2	1	1	1	2	1	2	9	4	1	2	5		1		1	1	
OTU964	1		1	3	2		1	1	1	1	4				2	1	2	1		1
OTU97	6		6	1	1	2	1	2	1	2	1	3	3	2	3		1	2	2	1
OTU983	7	1	1	1	2		2	6	4	10	6	5	2	3	1	4	3	3	2	2
OTU994	6	3	1	2	6	1	6	7	8	16	13	18	12	7	19	11	8	6	8	10
