id	degree	closeness	betweenness	hub_score	zi_scores	pi_scores	No..module
OTU442	17	0.000103135313531353	145.214319593074	0.195660553801665	2.45491020261841	0.470588235294118	1
OTU3992	36	0.000103498240529911	329.385117794868	0.583331895165237	1.49048119444689	0.62037037037037	1
OTU1080	53	0.000103573278094252	468.000460168452	0.953301489155081	2.6617047564109	0.425062299750801	3
OTU7440	50	0.000103906899418121	608.509679239629	0.910410224669645	1.9098486839821	0.532	3
OTU2086	22	0.000103241792277514	405.723217855742	0.370191564915097	0.213661293078083	0.65702479338843	2
OTU5465	43	0.000103691414350892	401.875912160929	0.725157710406977	1.58762465294118	0.50730124391563	3
OTU7471	18	0.000103050288540808	30.9219401245746	0.464738167009626	-0.238311522957345	0.475308641975309	3
OTU110	3	9.76181179226865e-05	43	1.55621192884485e-05	-0.445941292507922	0	7
OTU2198	5	9.76848686138517e-05	87.0119047619048	3.39794591821039e-05	0.573353090367329	0	7
OTU5576	21	0.000103305785123967	85.8627892145679	0.54316210101852	0.083912508083572	0.458049886621315	3
OTU4132	24	0.000103412616339193	577.713096153419	0.308786416286154	1.7805107756507	0.621527777777778	2
OTU5151	35	0.00010353038616834	308.130400424702	0.645590311558027	1.05058460120632	0.476734693877551	3
OTU1898	23	0.000103241792277514	459.211578685779	0.528202759661975	0.997086034364389	0.536862003780718	2
OTU2874	20	0.000103135313531353	32.8364032041806	0.56782961040421	-0.130903512610372	0.53	3
OTU1605	51	0.000103562551781276	561.154399996202	0.90987778488343	2.12466470467604	0.507497116493656	3
OTU5649	20	0.000103103412722961	73.1325306297536	0.541162891901476	0.191320518430544	0.345	3
OTU6042	5	9.76944118796405e-05	225	1.82524378702152e-05	0.573353090367329	0	7
OTU3536	51	0.000103616205574552	483.529349351553	0.882157577717807	1.80244067363513	0.566705113417916	3
OTU7394	12	0.000102944204241301	14.0390899751658	0.369552862157265	-0.560535553998261	0.416666666666667	3
OTU6816	16	0.000103401923275773	373.826423513003	0.429996630260573	-0.238311522957345	0.4140625	3
OTU8700	47	0.000103466114847387	651.663705659136	0.849495772077571	1.9098486839821	0.498868266183794	3
OTU2340	27	0.00010338054378166	180.809439221375	0.428523260284467	1.81195753050407	0.647462277091907	1
OTU5039	16	0.000103039670273055	207.062121983899	0.411428479213193	-0.116900485838972	0.6015625	1
OTU1108	6	9.93640699523052e-05	188.833333333333	0.000421964795329333	1.08300028180495	0	7
OTU103	11	0.000102732689541812	49.1879451946982	0.280300516494548	-0.560535553998261	0.297520661157025	3
OTU2274	5	9.93443274389032e-05	811.511904761905	0.000376217629808944	0.573353090367329	0	7
OTU5653	53	0.000103896103896104	1150.49149784982	0.853498767500288	2.82507709736577	0.621573513705945	2
OTU1321	23	0.00010366991499067	595.36429700252	0.536998264987329	0.997086034364389	0.536862003780718	2
OTU5974	16	0.000103050288540808	49.2438837469459	0.454234945616689	-0.238311522957345	0.4140625	3
OTU6622	15	0.000103103412722961	20.698009624747	0.455095418422142	-0.453127543651289	0.515555555555556	3
OTU1954	16	0.000103092783505155	44.4395580825104	0.397895545012984	-0.116900485838972	0.6484375	1
OTU7644	31	0.000103412616339193	264.644790881415	0.498007881232946	1.25822761479316	0.643080124869927	2
OTU3984	44	0.000103444708803145	259.261710443126	0.811124450019044	1.69503266328815	0.490702479338843	3
OTU6841	57	0.000104004160166407	1219.01931262544	1	2.55429674606393	0.497999384425977	3
OTU5638	17	0.00010307153164296	385.94701180178	0.438823228815612	-0.238311522957345	0.456747404844291	3
OTU2279	1	1.99298469387755e-05	0	0	NA	0	20
OTU3638	6	0.000101030511214387	2534.14285714286	0.00922164583806795	0.573353090367329	0.277777777777778	7
OTU2778	18	0.000103466114847387	217.273275768597	0.502901170114941	-0.238311522957345	0.512345679012346	3
OTU3169	22	0.000103327133705311	179.336310639085	0.492626065632281	0.847528522332548	0.706611570247934	1
OTU1694	14	0.000103209825575395	195.406612156993	0.327911828404936	-0.560535553998261	0.530612244897959	3
OTU5128	47	0.00010351966873706	313.59129563465	0.85071814703318	1.9098486839821	0.494341330918968	3
OTU7782	18	0.000103316458311809	130.439642550328	0.445711584910298	0.474802873506852	0.598765432098765	2
OTU8053	16	0.000102986611740474	20.5767861820987	0.440449319289636	-0.345719533304317	0.4765625	3
OTU3245	23	0.000103680663556247	594.322453788863	0.556879173547933	-0.130903512610372	0.612476370510397	3
OTU1704	16	0.000103039670273055	17.0976411225977	0.462331214825762	-0.238311522957345	0.3984375	3
OTU5497	19	0.000103252452245741	65.4140196420128	0.520098046393494	-0.130903512610372	0.493074792243767	3
OTU2536	6	0.000102606197414324	128.3081486622	0.0729288340064407	-0.116900485838972	0.5	1
OTU1945	21	0.000103114044132811	47.5362074950056	0.415721848347762	0.213661293078083	0.55328798185941	2
OTU6234	3	0.00010183299389002	182.085105763283	0.0397495772098577	NA	0.444444444444444	11
OTU5795	15	0.000102891243955139	69.1352732554169	0.429982991232486	-0.238311522957345	0.337777777777778	3
OTU4331	13	0.000102997219075085	27.098334980872	0.310189702590717	-0.569763448208223	0.662721893491124	2
OTU1345	5	9.93443274389032e-05	354.833333333333	0.000392411406208557	0.573353090367329	0	7
OTU1936	4	0.000101409593347531	124.926231530485	0.0102265081488905	-0.830905028636991	0.375	2
OTU5146	19	0.000103145951521403	48.7115097716659	0.515502695326499	-0.238311522957345	0.548476454293629	3
OTU1425	6	0.000102448519618892	4.79136070990106	0.0779683802445414	-0.384441654220287	0.722222222222222	4
OTU6257	15	0.000102954802841553	18.3855818601667	0.452348467639097	-0.130903512610372	0.231111111111111	3
OTU2283	5	0.000102134613420488	4.68248703809088	0.0587842236000621	-0.830905028636991	0.56	2
OTU6602	20	0.000103135313531353	57.6702094293662	0.503825761233057	-0.0234955022634002	0.475	3
OTU1677	19	0.00010354110581901	257.316682225222	0.46596609254943	-0.238311522957345	0.526315789473684	3
OTU2185	3	0.000100472219431327	186.625422705314	0.00140370717770818	-0.759853157953318	0.444444444444444	1
OTU438	2	0.000100938730190774	0	0.00515200514851876	-1.09204660906576	0	2
OTU8804	24	0.000103455410717981	801.658306770568	0.398499654497401	1.25822761479316	0.65625	2
OTU1119	20	0.000103231134510168	71.3581356212391	0.498743385158666	0.735944453935621	0.59	2
OTU7249	2	0.000101574403250381	182	0.0342161573435406	NA	0.5	12
OTU2179	4	9.60984047664809e-05	3.11904761904762	5.38700776755405e-06	0.0637058989297032	0	7
OTU7092	8	0.000102113754722761	875.810889208714	0.0246237908114965	0.526052186275375	0.375	1
OTU7549	34	0.000103305785123967	148.094089909636	0.622724085294551	1.26540062190027	0.3719723183391	3
OTU7744	20	0.000103327133705311	82.0964699026974	0.364740787425146	0.474802873506852	0.655	2
OTU8199	16	0.000103018440300814	40.2686608078754	0.426372882082084	-0.560535553998261	0.6171875	3
OTU4778	22	0.000103659168653467	478.274531547841	0.534281163312216	-0.0234955022634002	0.545454545454545	3
OTU8446	16	0.000102976006590464	39.3933687154931	0.308825177622551	-0.308621867779454	0.578125	2
OTU5783	10	0.000102944204241301	563.735812657951	0.111083083516404	0.526052186275375	0.54	1
OTU1685	11	0.000102764361319494	6.57743391189607	0.341819119867658	-0.453127543651289	0.165289256198347	3
OTU6880	19	0.000103135313531353	58.4955587677693	0.477557952322393	-0.308621867779454	0.45983379501385	2
OTU791	16	0.000103284445362528	226.42760600699	0.437239681627796	-0.0234955022634002	0.2265625	3
OTU455	12	0.000103114044132811	34.3646110097138	0.221498311373302	-0.116900485838972	0.625	1
OTU2753	16	0.000103114044132811	128.584298557517	0.234946392680327	1.51936919522193	0.3984375	2
OTU283	1	0.000100492412822832	0	0.0021357573722864	-1.35318818949453	0	2
OTU373	18	0.000103498240529911	243.804250068547	0.506967108322795	-0.238311522957345	0.512345679012346	3
OTU3748	15	0.000103369857349597	178.768394266539	0.399410949040159	-0.453127543651289	0.515555555555556	3
OTU7527	44	0.000103755965968043	598.091553316065	0.779276732255907	1.37280863224724	0.569214876033058	3
OTU8657	17	0.000103145951521403	724.906071464457	0.236947053302027	0.735944453935621	0.629757785467128	2
OTU4214	14	0.000102880658436214	15.7781010815746	0.403060024534763	-0.560535553998261	0.540816326530612	3
OTU5054	13	0.000102838338132456	31.7888418559885	0.343212322600674	-0.560535553998261	0.461538461538462	3
OTU5570	19	0.000103167234086454	107.07040286149	0.324581344466424	-0.453127543651289	0.642659279778393	3
OTU7976	18	0.000102891243955139	81.6158007443779	0.25493765509882	1.0764366318168	0.734567901234568	4
OTU5455	19	0.00010315659170621	48.2274814496072	0.383303490952179	-0.130903512610372	0.481994459833795	3
OTU8195	19	0.000103082156478714	662.927227955252	0.199518543129045	0.847528522332548	0.725761772853186	1
OTU4665	10	0.000102817191034341	399.967627479867	0.114796302252697	0.474802873506852	0.34	2
OTU8370	14	0.000103284445362528	164.76623784612	0.353712090702161	-0.453127543651289	0.438775510204082	3
OTU3806	18	0.000103018440300814	190.205884544715	0.25516397381351	1.81195753050407	0.592592592592593	1
OTU5871	2	0.000101071356377603	182	0.00447422622776264	-0.759853157953318	0	1
OTU5998	1	2.06543291473893e-05	0	4.27929554646657e-18	-1.26491106406735	0	5
OTU4815	13	0.000103018440300814	88.3185008296658	0.192038105091703	0.204575850218201	0.72189349112426	1
OTU8418	8	9.77612669860201e-05	205.345238095238	6.61676222247304e-05	2.10229466468021	0	7
OTU5924	4	2.02917960268663e-05	9	1.71171821858663e-17	1.92668658897113	0	6
OTU2446	1	9.71062342202369e-05	0	3.71445443034877e-06	-0.866025403784439	0	8
OTU2405	29	0.000103252452245741	286.847266695036	0.481204109807859	1.49048119444689	0.606420927467301	1
OTU2766	11	0.000102838338132456	4.82058618631296	0.319733787324059	-0.438376821896145	0.512396694214876	1
OTU718	11	0.000102827763496144	4.18952434858123	0.350214333792946	-0.560535553998261	0.297520661157025	3
OTU3860	20	0.000103092783505155	98.8845093922288	0.485620775025801	-0.238311522957345	0.575	3
OTU2727	8	0.000102933607822954	34.6009849127585	0.112732609805693	0.204575850218201	0.5625	1
OTU7083	16	0.000103167234086454	165.79244982554	0.244701159051542	0.474802873506852	0.6640625	2
OTU3192	1	0.000101729399796541	0	0.0302595421301043	-0.749661225729559	0	4
OTU2297	1	0.000100583383625025	0	0.00228586125779706	-1.35318818949453	0	2
OTU4412	23	0.000103327133705311	93.9353895387951	0.561880207505486	0.474802873506852	0.657844990548204	2
OTU5732	20	0.000103082156478714	83.6332284573173	0.523334634229491	-0.0234955022634002	0.465	3
OTU3656	1	1.99298469387755e-05	0	0	NA	0	15
OTU7907	12	0.000102848914943947	20.4206484600891	0.242292359751208	-0.453127543651289	0.291666666666667	3
OTU6403	45	0.000103648424543947	1389.47529698171	0.752480416017945	2.53731491785389	0.596543209876543	4
OTU7765	12	0.000103092783505155	22.9618799619577	0.326528087108671	-0.308621867779454	0.569444444444444	2
OTU2442	1	9.93640699523052e-05	0	0.000710766208047478	-1.41979963677404	0	3
OTU1402	9	0.000102870075095155	10.3218393819295	0.180934858393149	-0.830905028636991	0.666666666666667	2
OTU2578	1	1.99298469387755e-05	0	0	NA	0	14
OTU8055	20	0.000103305785123967	152.031125861522	0.32772332874384	1.44165620332608	0.71	4
OTU8379	1	2.01081820192636e-05	0	0	-0.866025403784439	0	9
OTU2589	1	2.00188176886273e-05	0	0	-0.577350269189626	0	10
OTU2598	2	2.00192184497117e-05	1	0	1.15470053837925	0	10
OTU4803	1	1.99298469387755e-05	0	0	NA	0	13
OTU5765	14	0.000102986611740474	548.589241250544	0.225459705931788	1.0764366318168	0.683673469387755	4
OTU5340	29	0.000103316458311809	181.649367230223	0.518435582331585	0.835768580512377	0.394768133174792	3
OTU1621	18	0.000102880658436214	39.567661472345	0.327162896878903	0.735944453935621	0.549382716049383	2
OTU5890	16	0.000103007828594973	199.755368024582	0.434380438947055	-0.238311522957345	0.4140625	3
OTU6195	28	0.00010354110581901	191.23309310234	0.563828700980683	0.728360570165405	0.413265306122449	3
OTU2506	11	0.000102848914943947	16.0942018094263	0.198451351793113	0.526052186275375	0.611570247933884	1
OTU7038	14	0.000102606197414324	2691.18794143667	0.227348812045197	-0.345719533304317	0.357142857142857	3
OTU1028	3	0.000100644122383253	542	0.00229328416004915	0.866025403784439	0.444444444444444	8
OTU2828	1	2.02893257857041e-05	0	8.55859109293314e-18	-0.55048188256318	0	6
OTU7997	23	0.000103327133705311	203.44966390374	0.504762835840364	0.345997488798258	0.695652173913043	4
OTU5286	1	0.000101112234580384	0	0.017467767815632	-1.41979963677404	0	3
OTU8434	15	0.000103103412722961	212.419929741821	0.385407992908342	0.345997488798258	0.64	4
OTU3523	4	9.60984047664809e-05	3.11904761904762	5.38700776755405e-06	0.0637058989297032	0	7
OTU3068	1	1.99298469387755e-05	0	0	NA	0	21
OTU3583	2	2.06603032932523e-05	14	8.55859109293314e-18	0.316227766016838	0	5
OTU8275	2	0.00010128633647321	0	0.00993960591792146	-1.09204660906576	0	2
OTU2538	4	0.000102145045965271	12.2987006759657	0.0633583211328149	-1.20498361608009	0.375	3
OTU4687	1	9.75134080936129e-05	0	1.5619848977207e-05	-1.46523567538317	0	7
OTU4649	8	0.00010285949393129	7.4468597564976	0.185807375219724	-0.438376821896145	0.65625	1
OTU4282	1	0.000101729399796541	0	0.0302595421301043	-0.749661225729559	0	4
OTU1540	1	0.000101729399796541	0	0.0302595421301043	-0.749661225729559	0	4
OTU4023	2	0.000101194090265129	182	0.0176750080891332	-1.31239162642707	0	3
OTU1508	7	0.000102679946606428	10.4915197780906	0.12176892827971	-0.0474802873506852	0.244897959183674	2
OTU1675	1	0.000101050929668553	0	0.00446699099943934	-1.08132949401049	0	1
OTU2541	1	1.99298469387755e-05	0	0	NA	0	19
OTU2414	2	0.000101132686084142	1.72865761689291	0.0101755199421999	-0.749661225729559	0.5	4
OTU8678	15	0.00010275380189067	89.169908115122	0.202991458827068	1.0764366318168	0.711111111111111	4
OTU3987	14	0.000103029054193283	40.9814705126214	0.266380323962501	0.213661293078083	0.622448979591837	2
OTU5540	1	1.99298469387755e-05	0	0	NA	0	18
OTU2316	1	0.000101142914938809	0	0.0165447992203687	-1.08132949401049	0	1
OTU8531	2	0.00010126582278481	0	0.0116641240770828	-1.09204660906576	0	2
OTU5092	7	0.000102459016393443	1075.92800167279	0.0568437494140137	-0.308621867779454	0.448979591836735	2
OTU7800	1	0.00010120433154539	0	0.01549843577379	-0.749661225729559	0	4
OTU3439	1	2.02901491325961e-05	0	8.55859109293314e-18	-0.55048188256318	0	6
OTU4802	5	0.000101999184006528	8.7445787439716	0.0755630479893212	-0.99016759538615	0	3
OTU4848	5	0.000102364622786365	204.649332615638	0.0531110348299878	-0.308621867779454	0	2
OTU4387	3	0.000101864113272894	5.23927303737367	0.0269901097485867	-0.759853157953318	0.444444444444444	1
OTU4049	3	2.06628646995619e-05	24	8.55859109293314e-18	1.89736659610103	0	5
OTU1452	10	0.000102743244631665	37.869140031831	0.122195067362981	-0.0474802873506852	0.58	2
OTU7831	15	0.000102986611740474	23.8956475273768	0.428825356721538	-0.345719533304317	0.417777777777778	3
OTU6108	1	2.06543291473893e-05	0	4.27929554646657e-18	-1.26491106406735	0	5
OTU1036	1	0.000101729399796541	0	0.0302595421301043	-0.749661225729559	0	4
OTU2418	2	2.01089907297553e-05	2	8.55859109293314e-18	0.866025403784439	0	9
OTU1999	1	1.99298469387755e-05	0	0	NA	0	17
OTU1504	1	0.000101163378856854	0	0.00749390386496364	-1.08132949401049	0	1
OTU2428	1	0.000100583383625025	0	0.00228586125779706	-1.35318818949453	0	2
OTU5744	12	0.000102827763496144	13.8261126896327	0.296511411800299	-0.0192220827110144	0.583333333333333	4
OTU4838	9	0.000102732689541812	46.8596667668259	0.0866041232014777	0.526052186275375	0.493827160493827	1
OTU3764	1	1.99298469387755e-05	0	0	NA	0	16
OTU2296	1	0.000101729399796541	0	0.0302595421301043	-0.749661225729559	0	4
OTU2912	2	2.06620108268937e-05	18	8.55859109293314e-18	0.316227766016838	0	5
OTU5294	1	2.02901491325961e-05	0	8.55859109293314e-18	-0.55048188256318	0	6
OTU2477	6	0.000102595670462706	1.43929890412514	0.186593306477949	-0.99016759538615	0.277777777777778	3
OTU3142	3	0.000101999184006528	0.551435841512177	0.0466545977435338	-0.438376821896145	0	1
OTU3422	1	0.000100250626566416	0	0.000990198043168202	-1.08132949401049	0	1
OTU5709	19	0.000103241792277514	65.6012258211736	0.511517891409946	-0.345719533304317	0.592797783933518	3
OTU2581	3	0.000101194090265129	4.65383676152907	0.0133213989608671	-0.830905028636991	0	2
OTU1307	1	9.59877135726627e-05	0	7.33986428016196e-07	-1.46523567538317	0	7
OTU6957	2	2.06603032932523e-05	14	8.55859109293314e-18	0.316227766016838	0	5
OTU7353	11	0.000102838338132456	159.11260465888	0.211322132479024	0.213661293078083	0.462809917355372	2
OTU2396	1	0.00010112245929821	0	0.00870593319811409	-1.35318818949453	0	2
OTU4883	11	0.000103060908997217	237.504459771187	0.186354964449255	0.204575850218201	0.644628099173554	1
OTU8907	19	0.000103434009102193	259.261550293521	0.465440047625746	-0.0474802873506852	0.498614958448753	2
OTU6749	1	1.99298469387755e-05	0	0	NA	0	20
OTU8147	1	9.99800039992002e-05	0	0.00159845223959534	NA	0	11
OTU8583	4	9.93245927691696e-05	213.083333333333	0.000391826339663297	0.0637058989297032	0	7
OTU284	1	9.75800156128025e-05	0	1.57800644717598e-05	-1.46523567538317	0	7
OTU8828	3	0.000101337657073368	41.9963865450275	0.00601774815349647	-1.09204660906576	0.444444444444444	2
OTU994	1	9.86679822397632e-05	0	5.64473647127809e-05	-1.08132949401049	0	1
OTU8876	18	0.000103018440300814	345.106956608269	0.216495154043454	1.7805107756507	0.450617283950617	2
OTU8751	1	9.97307270370001e-05	0	0.00137593647971094	NA	0	12
OTU8649	1	0.000100250626566416	0	0.000990198043168202	-1.08132949401049	0	1
OTU7449	2	0.000101081572829273	7.96655873181666	0.00392288981579321	-0.759853157953318	0	1
OTU6854	1	9.92457324335054e-05	0	0.000179922339713581	-1.08132949401049	0	1
OTU6994	2	2.06577425218972e-05	8	8.55859109293314e-18	0.316227766016838	0	5
OTU8603	4	0.000101677681748856	4.06015854913872	0.0486932540717332	-1.09757560573312	0	3
OTU7139	2	2.02909725463141e-05	4	8.55859109293314e-18	0.27524094128159	0	6
OTU7825	2	9.88533017002768e-05	182	9.23693492456014e-05	0.866025403784439	0	8
OTU5049	2	0.000101791530944625	0.114022754921478	0.0346714208127959	-1.31239162642707	0	3
OTU1480	1	0.000101750101750102	0	0.0215943448856342	-1.35318818949453	0	2
OTU8658	4	0.000101884870096791	19.6314040892646	0.0275804572796658	-0.830905028636991	0.375	2
OTU8862	9	0.000102732689541812	8.58169050636606	0.213178563574182	-0.308621867779454	0.493827160493827	2
OTU8536	1	1.99298469387755e-05	0	0	NA	0	15
OTU7736	1	1.99298469387755e-05	0	0	NA	0	14
OTU8569	2	2.01089907297553e-05	2	8.55859109293314e-18	0.866025403784439	0	9
OTU8405	1	2.00188176886273e-05	0	0	-0.577350269189626	0	10
OTU8976	1	1.99298469387755e-05	0	0	NA	0	13
OTU8186	1	0.000100250626566416	0	0.000990198043168202	-1.08132949401049	0	1
OTU8326	5	0.000102870075095155	54.2114363703542	0.12668014457604	-1.09757560573312	0.32	3
OTU4762	1	1.99298469387755e-05	0	0	NA	0	21
OTU7424	3	0.000102354145342886	0.210172001440129	0.0828227625271082	-1.20498361608009	0	3
OTU6961	2	2.06577425218972e-05	8	8.55859109293314e-18	0.316227766016838	0	5
OTU5195	3	9.92752903802244e-05	182	0.000388427240767983	-0.445941292507922	0	7
OTU8476	2	9.76181179226865e-05	0	3.27485612324662e-05	-0.955588483945548	0	7
OTU5804	1	0.000101091791346543	0	0.0090664252850418	-0.749661225729559	0	4
OTU8578	1	1.99298469387755e-05	0	0	NA	0	19
OTU7390	1	1.99298469387755e-05	0	0	NA	0	18
OTU4589	2	2.06620108268937e-05	18	8.55859109293314e-18	0.316227766016838	0	5
OTU8490	1	2.01081820192636e-05	0	0	-0.866025403784439	0	9
OTU589	1	0.000101091791346543	0	0.0090664252850418	-0.749661225729559	0	4
OTU8174	1	1.99298469387755e-05	0	0	NA	0	17
OTU2224	1	9.8833761612967e-05	0	9.22199796567857e-05	-0.866025403784439	0	8
OTU7075	1	1.99298469387755e-05	0	0	NA	0	16
OTU8829	1	2.06594496322618e-05	0	4.27929554646657e-18	-1.26491106406735	0	5
OTU8689	1	0.000101729399796541	0	0.0302595421301043	-0.749661225729559	0	4
OTU5979	1	2.02901491325961e-05	0	8.55859109293314e-18	-0.55048188256318	0	6
